0.572 0.428 1.000 0.000
0.909 0.091 1.000 0.000
0.998 0.002 1.000 0.000
0.767 0.233 1.000 0.000
0.779 0.221 1.000 0.000
0.907 0.093 1.000 0.000
0.833 0.167 1.000 0.000
0.705 0.295 1.000 0.000
0.602 0.398 1.000 0.000
0.689 0.311 1.000 0.000
0.833 0.167 1.000 0.000
0.981 0.019 1.000 0.000
0.954 0.046 1.000 0.000
0.847 0.153 1.000 0.000
0.938 0.062 1.000 0.000
0.959 0.041 1.000 0.000
0.857 0.143 1.000 0.000
0.846 0.154 1.000 0.000
0.634 0.366 1.000 0.000
0.721 0.279 1.000 0.000
0.640 0.360 1.000 0.000
1.000 0.000 1.000 0.000
0.977 0.023 1.000 0.000
0.817 0.183 1.000 0.000
0.875 0.125 1.000 0.000
0.875 0.125 1.000 0.000
0.897 0.103 1.000 0.000
0.965 0.035 1.000 0.000
0.937 0.063 1.000 0.000
0.987 0.013 1.000 0.000
0.930 0.070 1.000 0.000
0.963 0.037 1.000 0.000
0.854 0.146 1.000 0.000
0.987 0.013 1.000 0.000
0.976 0.024 1.000 0.000
0.923 0.077 1.000 0.000
0.859 0.141 1.000 0.000
0.948 0.052 1.000 0.000
1.000 0.000 1.000 0.000
0.672 0.328 1.000 0.000
0.748 0.252 1.000 0.000
0.905 0.095 1.000 0.000
0.884 0.116 1.000 0.000
0.834 0.166 1.000 0.000
0.653 0.347 1.000 0.000
0.756 0.244 1.000 0.000
0.823 0.177 1.000 0.000
0.939 0.061 1.000 0.000
0.934 0.066 1.000 0.000
0.801 0.199 1.000 0.000
0.572 0.428 1.000 0.000
0.927 0.073 1.000 0.000
0.941 0.059 1.000 0.000
0.750 0.250 1.000 0.000
0.818 0.182 1.000 0.000
0.797 0.203 1.000 0.000
0.748 0.252 1.000 0.000
0.865 0.135 1.000 0.000
0.993 0.007 1.000 0.000
0.978 0.022 1.000 0.000
0.885 0.115 1.000 0.000
0.821 0.179 1.000 0.000
0.991 0.009 1.000 0.000
0.929 0.071 1.000 0.000
0.948 0.052 1.000 0.000
0.887 0.113 1.000 0.000
0.968 0.032 1.000 0.000
0.925 0.075 1.000 0.000
1.000 0.000 1.000 0.000
0.697 0.303 1.000 0.000
0.873 0.127 1.000 0.000
0.850 0.150 1.000 0.000
0.994 0.006 1.000 0.000
0.999 0.001 1.000 0.000
0.913 0.087 0.000 1.000
0.965 0.035 1.000 0.000
0.789 0.211 1.000 0.000
0.999 0.001 1.000 0.000
0.812 0.188 1.000 0.000
0.742 0.258 1.000 0.000
0.942 0.058 1.000 0.000
0.771 0.229 1.000 0.000
0.959 0.041 1.000 0.000
0.940 0.060 1.000 0.000
0.994 0.006 1.000 0.000
0.990 0.010 1.000 0.000
0.834 0.166 1.000 0.000
1.000 0.000 1.000 0.000
0.871 0.129 1.000 0.000
0.972 0.028 1.000 0.000
0.997 0.003 1.000 0.000
0.821 0.179 1.000 0.000
0.801 0.199 1.000 0.000
0.925 0.075 1.000 0.000
0.998 0.002 1.000 0.000
0.999 0.001 1.000 0.000
0.954 0.046 1.000 0.000
0.720 0.280 1.000 0.000
0.900 0.100 1.000 0.000
0.973 0.027 1.000 0.000
0.993 0.007 1.000 0.000
0.996 0.004 1.000 0.000
1.000 0.000 1.000 0.000
1.000 0.000 1.000 0.000
0.973 0.027 1.000 0.000
1.000 0.000 1.000 0.000
0.963 0.037 1.000 0.000
0.922 0.078 1.000 0.000
0.972 0.028 1.000 0.000
0.999 0.001 1.000 0.000
0.933 0.067 1.000 0.000
0.990 0.010 1.000 0.000
0.789 0.211 1.000 0.000
0.937 0.063 1.000 0.000
0.904 0.096 1.000 0.000
0.897 0.103 1.000 0.000
0.992 0.008 1.000 0.000
0.928 0.072 1.000 0.000
0.920 0.080 1.000 0.000
0.979 0.021 1.000 0.000
0.991 0.009 1.000 0.000
0.767 0.233 1.000 0.000
0.878 0.122 1.000 0.000
0.638 0.362 1.000 0.000
0.989 0.011 1.000 0.000
0.992 0.008 1.000 0.000
0.796 0.204 1.000 0.000
0.986 0.014 1.000 0.000
0.999 0.001 1.000 0.000
0.817 0.183 1.000 0.000
0.966 0.034 1.000 0.000
0.969 0.031 1.000 0.000
0.729 0.271 1.000 0.000
0.995 0.005 1.000 0.000
0.994 0.006 1.000 0.000
0.980 0.020 1.000 0.000
0.712 0.288 1.000 0.000
0.995 0.005 1.000 0.000
0.791 0.209 1.000 0.000
0.934 0.066 1.000 0.000
0.979 0.021 1.000 0.000
0.995 0.005 1.000 0.000
0.929 0.071 1.000 0.000
0.949 0.051 1.000 0.000
0.961 0.039 1.000 0.000
0.778 0.222 1.000 0.000
0.965 0.035 1.000 0.000
0.989 0.011 1.000 0.000
0.990 0.010 1.000 0.000
0.906 0.094 1.000 0.000
0.996 0.004 1.000 0.000
0.988 0.012 1.000 0.000
0.997 0.003 1.000 0.000
0.969 0.031 1.000 0.000
0.996 0.004 1.000 0.000
0.782 0.218 1.000 0.000
0.996 0.004 1.000 0.000
1.000 0.000 1.000 0.000
0.733 0.267 1.000 0.000
0.962 0.038 1.000 0.000
0.993 0.007 1.000 0.000
0.979 0.021 1.000 0.000
0.963 0.037 1.000 0.000
0.955 0.045 1.000 0.000
0.970 0.030 1.000 0.000
0.961 0.039 1.000 0.000
0.993 0.007 1.000 0.000
0.816 0.184 1.000 0.000
0.999 0.001 1.000 0.000
0.995 0.005 1.000 0.000
0.983 0.017 1.000 0.000
0.995 0.005 1.000 0.000
0.940 0.060 1.000 0.000
0.862 0.138 1.000 0.000
0.948 0.052 1.000 0.000
0.915 0.085 1.000 0.000
0.999 0.001 1.000 0.000
0.947 0.053 1.000 0.000
0.949 0.051 1.000 0.000
0.978 0.022 1.000 0.000
0.813 0.187 1.000 0.000
0.918 0.082 1.000 0.000
0.997 0.003 1.000 0.000
0.966 0.034 1.000 0.000
0.892 0.108 1.000 0.000
1.000 0.000 1.000 0.000
0.796 0.204 1.000 0.000
0.999 0.001 1.000 0.000
0.842 0.158 1.000 0.000
0.877 0.123 1.000 0.000
0.992 0.008 1.000 0.000
0.990 0.010 1.000 0.000
0.957 0.043 1.000 0.000
0.951 0.049 1.000 0.000
0.835 0.165 1.000 0.000
0.875 0.125 1.000 0.000
0.933 0.067 1.000 0.000
0.994 0.006 1.000 0.000
0.996 0.004 1.000 0.000
0.779 0.221 1.000 0.000
0.992 0.008 1.000 0.000
0.988 0.012 1.000 0.000
0.970 0.030 1.000 0.000
0.998 0.002 1.000 0.000
0.968 0.032 1.000 0.000
0.996 0.004 1.000 0.000
0.763 0.237 1.000 0.000
0.904 0.096 1.000 0.000
0.770 0.230 1.000 0.000
0.538 0.462 1.000 0.000
0.981 0.019 1.000 0.000
0.924 0.076 1.000 0.000
0.735 0.265 1.000 0.000
0.135 0.865 1.000 0.000
0.976 0.024 1.000 0.000
0.783 0.217 1.000 0.000
0.973 0.027 1.000 0.000
0.985 0.015 1.000 0.000
0.884 0.116 1.000 0.000
0.981 0.019 1.000 0.000
0.807 0.193 1.000 0.000
0.942 0.058 1.000 0.000
0.939 0.061 1.000 0.000
0.860 0.140 1.000 0.000
0.998 0.002 1.000 0.000
0.937 0.063 1.000 0.000
0.909 0.091 1.000 0.000
0.998 0.002 1.000 0.000
0.980 0.020 1.000 0.000
0.808 0.192 1.000 0.000
0.809 0.191 1.000 0.000
0.993 0.007 1.000 0.000
0.971 0.029 1.000 0.000
0.999 0.001 1.000 0.000
0.903 0.097 1.000 0.000
0.983 0.017 1.000 0.000
1.000 0.000 1.000 0.000
0.966 0.034 1.000 0.000
0.927 0.073 1.000 0.000
0.773 0.227 1.000 0.000
0.840 0.160 1.000 0.000
0.973 0.027 1.000 0.000
0.913 0.087 1.000 0.000
0.962 0.038 1.000 0.000
0.999 0.001 1.000 0.000
0.802 0.198 1.000 0.000
0.893 0.107 1.000 0.000
0.822 0.178 1.000 0.000
0.628 0.372 1.000 0.000
0.732 0.268 1.000 0.000
0.999 0.001 1.000 0.000
0.993 0.007 1.000 0.000
0.758 0.242 1.000 0.000
0.965 0.035 1.000 0.000
0.977 0.023 1.000 0.000
0.987 0.013 1.000 0.000
0.997 0.003 1.000 0.000
0.991 0.009 1.000 0.000
0.998 0.002 1.000 0.000
0.999 0.001 1.000 0.000
0.995 0.005 1.000 0.000
0.999 0.001 1.000 0.000
0.999 0.001 1.000 0.000
0.997 0.003 1.000 0.000
0.755 0.245 1.000 0.000
0.999 0.001 1.000 0.000
0.867 0.133 1.000 0.000
0.908 0.092 1.000 0.000
0.860 0.140 1.000 0.000
0.399 0.601 1.000 0.000
0.964 0.036 1.000 0.000
0.990 0.010 1.000 0.000
0.957 0.043 1.000 0.000
0.640 0.360 1.000 0.000
0.891 0.109 1.000 0.000
0.824 0.176 1.000 0.000
0.893 0.107 1.000 0.000
0.815 0.185 1.000 0.000
0.992 0.008 1.000 0.000
0.828 0.172 1.000 0.000
0.908 0.092 1.000 0.000
0.829 0.171 1.000 0.000
0.973 0.027 1.000 0.000
0.891 0.109 1.000 0.000
0.799 0.201 1.000 0.000
0.861 0.139 1.000 0.000
0.925 0.075 1.000 0.000
0.998 0.002 1.000 0.000
1.000 0.000 1.000 0.000
1.000 0.000 1.000 0.000
0.933 0.067 1.000 0.000
0.999 0.001 1.000 0.000
0.998 0.002 1.000 0.000
0.991 0.009 1.000 0.000
0.949 0.051 1.000 0.000
0.742 0.258 1.000 0.000
0.999 0.001 1.000 0.000
0.996 0.004 1.000 0.000
0.890 0.110 1.000 0.000
0.978 0.022 1.000 0.000
0.983 0.017 1.000 0.000
1.000 0.000 1.000 0.000
0.999 0.001 1.000 0.000
0.978 0.022 1.000 0.000
0.944 0.056 1.000 0.000
0.930 0.070 1.000 0.000
0.879 0.121 1.000 0.000
0.905 0.095 1.000 0.000
0.963 0.037 1.000 0.000
0.850 0.150 1.000 0.000
0.994 0.006 1.000 0.000
0.996 0.004 1.000 0.000
0.643 0.357 1.000 0.000
0.938 0.062 1.000 0.000
0.934 0.066 1.000 0.000
0.699 0.301 1.000 0.000
0.910 0.090 1.000 0.000
0.824 0.176 1.000 0.000
0.937 0.063 1.000 0.000
0.728 0.272 1.000 0.000
0.785 0.215 1.000 0.000
0.605 0.395 1.000 0.000
0.782 0.218 1.000 0.000
0.982 0.018 1.000 0.000
0.969 0.031 1.000 0.000
0.629 0.371 1.000 0.000
0.686 0.314 1.000 0.000
0.990 0.010 1.000 0.000
0.577 0.423 1.000 0.000
0.968 0.032 1.000 0.000
0.953 0.047 1.000 0.000
0.813 0.187 1.000 0.000
0.967 0.033 1.000 0.000
0.991 0.009 1.000 0.000
0.923 0.077 1.000 0.000
0.837 0.163 1.000 0.000
0.579 0.421 1.000 0.000
1.000 0.000 1.000 0.000
0.990 0.010 1.000 0.000
0.975 0.025 1.000 0.000
0.938 0.062 1.000 0.000
0.799 0.201 1.000 0.000
0.989 0.011 1.000 0.000
0.992 0.008 1.000 0.000
0.960 0.040 1.000 0.000
0.994 0.006 1.000 0.000
0.995 0.005 1.000 0.000
0.991 0.009 1.000 0.000
0.766 0.234 1.000 0.000
0.681 0.319 1.000 0.000
0.214 0.786 1.000 0.000
0.867 0.133 1.000 0.000
0.694 0.306 1.000 0.000
0.734 0.266 1.000 0.000
0.981 0.019 1.000 0.000
0.767 0.233 1.000 0.000
0.773 0.227 1.000 0.000
0.678 0.322 1.000 0.000
0.989 0.011 1.000 0.000
0.997 0.003 1.000 0.000
0.657 0.343 1.000 0.000
0.815 0.185 1.000 0.000
0.993 0.007 1.000 0.000
0.974 0.026 1.000 0.000
0.987 0.013 1.000 0.000
0.990 0.010 1.000 0.000
0.697 0.303 1.000 0.000
0.811 0.189 1.000 0.000
0.999 0.001 1.000 0.000
0.708 0.292 1.000 0.000
0.971 0.029 1.000 0.000
0.993 0.007 1.000 0.000
1.000 0.000 1.000 0.000
0.987 0.013 1.000 0.000
0.987 0.013 1.000 0.000
0.998 0.002 1.000 0.000
0.962 0.038 1.000 0.000
0.974 0.026 1.000 0.000
0.990 0.010 1.000 0.000
0.762 0.238 1.000 0.000
0.227 0.773 0.000 1.000
0.763 0.237 1.000 0.000
0.766 0.234 1.000 0.000
0.793 0.207 1.000 0.000
0.955 0.045 1.000 0.000
1.000 0.000 1.000 0.000
0.898 0.102 1.000 0.000
0.942 0.058 1.000 0.000
0.865 0.135 1.000 0.000
0.873 0.127 1.000 0.000
0.408 0.592 1.000 0.000
0.791 0.209 1.000 0.000
0.815 0.185 1.000 0.000
0.882 0.118 1.000 0.000
0.642 0.358 0.000 1.000
0.024 0.976 0.000 1.000
0.618 0.382 1.000 0.000
0.956 0.044 1.000 0.000
0.869 0.131 1.000 0.000
1.000 0.000 1.000 0.000
0.795 0.205 1.000 0.000
0.994 0.006 1.000 0.000
0.572 0.428 1.000 0.000
0.979 0.021 1.000 0.000
0.708 0.292 1.000 0.000
0.993 0.007 1.000 0.000
0.987 0.013 1.000 0.000
0.867 0.133 1.000 0.000
0.191 0.809 1.000 0.000
0.720 0.280 1.000 0.000
0.735 0.265 1.000 0.000
0.774 0.226 1.000 0.000
0.644 0.356 1.000 0.000
0.989 0.011 1.000 0.000
0.995 0.005 1.000 0.000
0.749 0.251 1.000 0.000
0.788 0.212 1.000 0.000
0.763 0.237 1.000 0.000
0.944 0.056 1.000 0.000
0.920 0.080 1.000 0.000
0.978 0.022 1.000 0.000
0.785 0.215 1.000 0.000
0.625 0.375 1.000 0.000
0.807 0.193 1.000 0.000
0.992 0.008 1.000 0.000
0.995 0.005 1.000 0.000
0.770 0.230 1.000 0.000
0.665 0.335 1.000 0.000
0.634 0.366 1.000 0.000
0.724 0.276 1.000 0.000
0.796 0.204 1.000 0.000
0.934 0.066 1.000 0.000
0.713 0.287 1.000 0.000
0.950 0.050 1.000 0.000
0.920 0.080 1.000 0.000
0.688 0.312 1.000 0.000
0.868 0.132 1.000 0.000
0.899 0.101 1.000 0.000
0.995 0.005 1.000 0.000
0.920 0.080 1.000 0.000
1.000 0.000 1.000 0.000
0.650 0.350 1.000 0.000
0.958 0.042 1.000 0.000
0.823 0.177 1.000 0.000
0.691 0.309 1.000 0.000
0.869 0.131 1.000 0.000
0.999 0.001 1.000 0.000
0.724 0.276 1.000 0.000
0.978 0.022 1.000 0.000
0.659 0.341 1.000 0.000
0.822 0.178 1.000 0.000
0.879 0.121 1.000 0.000
0.831 0.169 1.000 0.000
0.987 0.013 1.000 0.000
0.985 0.015 1.000 0.000
0.765 0.235 1.000 0.000
0.993 0.007 1.000 0.000
0.813 0.187 1.000 0.000
0.513 0.487 1.000 0.000
0.642 0.358 1.000 0.000
0.866 0.134 1.000 0.000
0.998 0.002 1.000 0.000
0.978 0.022 1.000 0.000
0.956 0.044 1.000 0.000
0.812 0.188 1.000 0.000
0.883 0.117 1.000 0.000
0.165 0.835 1.000 0.000
0.998 0.002 1.000 0.000
0.782 0.218 1.000 0.000
0.966 0.034 1.000 0.000
0.981 0.019 1.000 0.000
0.980 0.020 1.000 0.000
0.959 0.041 1.000 0.000
0.900 0.100 1.000 0.000
0.552 0.448 1.000 0.000
0.822 0.178 1.000 0.000
0.941 0.059 1.000 0.000
1.000 0.000 1.000 0.000
0.995 0.005 1.000 0.000
0.897 0.103 1.000 0.000
0.692 0.308 1.000 0.000
0.746 0.254 1.000 0.000
0.959 0.041 1.000 0.000
0.676 0.324 1.000 0.000
0.935 0.065 1.000 0.000
0.966 0.034 1.000 0.000
0.999 0.001 1.000 0.000
0.979 0.021 1.000 0.000
0.912 0.088 1.000 0.000
1.000 0.000 1.000 0.000
0.845 0.155 1.000 0.000
0.927 0.073 1.000 0.000
0.999 0.001 1.000 0.000
0.995 0.005 1.000 0.000
0.501 0.499 1.000 0.000
0.998 0.002 1.000 0.000
0.960 0.040 1.000 0.000
0.707 0.293 1.000 0.000
0.940 0.060 1.000 0.000
0.708 0.292 1.000 0.000
0.872 0.128 1.000 0.000
0.979 0.021 1.000 0.000
0.692 0.308 1.000 0.000
0.749 0.251 1.000 0.000
0.899 0.101 1.000 0.000
0.999 0.001 1.000 0.000
0.679 0.321 1.000 0.000
0.994 0.006 1.000 0.000
0.661 0.339 1.000 0.000
0.631 0.369 1.000 0.000
0.921 0.079 1.000 0.000
0.699 0.301 1.000 0.000
0.880 0.120 1.000 0.000
0.735 0.265 1.000 0.000
0.691 0.309 1.000 0.000
0.944 0.056 1.000 0.000
0.703 0.297 1.000 0.000
0.842 0.158 1.000 0.000
0.777 0.223 1.000 0.000
0.841 0.159 1.000 0.000
0.998 0.002 1.000 0.000
0.862 0.138 1.000 0.000
0.953 0.047 1.000 0.000
0.773 0.227 1.000 0.000
0.684 0.316 1.000 0.000
0.785 0.215 1.000 0.000
0.463 0.537 1.000 0.000
0.811 0.189 1.000 0.000
0.843 0.157 1.000 0.000
0.777 0.223 1.000 0.000
0.969 0.031 1.000 0.000
0.982 0.018 1.000 0.000
0.999 0.001 1.000 0.000
1.000 0.000 1.000 0.000
1.000 0.000 1.000 0.000
0.975 0.025 1.000 0.000
0.994 0.006 1.000 0.000
0.866 0.134 1.000 0.000
0.995 0.005 1.000 0.000
0.795 0.205 1.000 0.000
0.994 0.006 1.000 0.000
1.000 0.000 1.000 0.000
0.954 0.046 1.000 0.000
0.926 0.074 1.000 0.000
0.850 0.150 1.000 0.000
0.992 0.008 1.000 0.000
0.983 0.017 1.000 0.000
0.813 0.187 1.000 0.000
0.989 0.011 1.000 0.000
0.999 0.001 1.000 0.000
0.999 0.001 1.000 0.000
0.957 0.043 1.000 0.000
0.914 0.086 1.000 0.000
0.989 0.011 1.000 0.000
0.987 0.013 1.000 0.000
0.915 0.085 1.000 0.000
0.941 0.059 1.000 0.000
0.997 0.003 1.000 0.000
0.994 0.006 1.000 0.000
0.993 0.007 1.000 0.000
0.953 0.047 1.000 0.000
0.999 0.001 1.000 0.000
0.920 0.080 1.000 0.000
0.870 0.130 1.000 0.000
0.902 0.098 1.000 0.000
0.822 0.178 1.000 0.000
0.965 0.035 1.000 0.000
0.729 0.271 1.000 0.000
0.685 0.315 1.000 0.000
0.835 0.165 1.000 0.000
0.948 0.052 1.000 0.000
0.711 0.289 1.000 0.000
0.973 0.027 1.000 0.000
0.808 0.192 1.000 0.000
0.972 0.028 1.000 0.000
0.947 0.053 1.000 0.000
0.995 0.005 1.000 0.000
0.689 0.311 1.000 0.000
0.712 0.288 1.000 0.000
0.982 0.018 1.000 0.000
0.770 0.230 1.000 0.000
0.690 0.310 1.000 0.000
0.950 0.050 1.000 0.000
0.953 0.047 1.000 0.000
0.685 0.315 1.000 0.000
0.995 0.005 1.000 0.000
1.000 0.000 1.000 0.000
0.983 0.017 1.000 0.000
0.735 0.265 1.000 0.000
0.988 0.012 1.000 0.000
0.998 0.002 1.000 0.000
0.991 0.009 1.000 0.000
0.758 0.242 1.000 0.000
0.733 0.267 1.000 0.000
0.818 0.182 1.000 0.000
0.983 0.017 1.000 0.000
0.970 0.030 1.000 0.000
0.998 0.002 1.000 0.000
0.997 0.003 1.000 0.000
0.925 0.075 1.000 0.000
0.997 0.003 1.000 0.000
1.000 0.000 1.000 0.000
1.000 0.000 1.000 0.000
0.766 0.234 1.000 0.000
0.997 0.003 1.000 0.000
0.990 0.010 1.000 0.000
0.658 0.342 1.000 0.000
1.000 0.000 1.000 0.000
0.999 0.001 1.000 0.000
1.000 0.000 1.000 0.000
0.999 0.001 1.000 0.000
0.997 0.003 1.000 0.000
0.990 0.010 1.000 0.000
0.996 0.004 1.000 0.000
0.874 0.126 1.000 0.000
0.999 0.001 1.000 0.000
0.657 0.343 1.000 0.000
1.000 0.000 1.000 0.000
0.000 1.000 0.000 1.000
0.952 0.048 1.000 0.000
0.727 0.273 1.000 0.000
1.000 0.000 1.000 0.000
1.000 0.000 1.000 0.000
0.999 0.001 1.000 0.000
0.923 0.077 1.000 0.000
0.640 0.360 1.000 0.000
0.958 0.042 1.000 0.000
1.000 0.000 1.000 0.000
0.882 0.118 1.000 0.000
0.914 0.086 1.000 0.000
0.905 0.095 1.000 0.000
0.826 0.174 1.000 0.000
0.999 0.001 1.000 0.000
0.753 0.247 1.000 0.000
0.569 0.431 1.000 0.000
0.951 0.049 1.000 0.000
1.000 0.000 1.000 0.000
0.999 0.001 1.000 0.000
0.999 0.001 1.000 0.000
1.000 0.000 1.000 0.000
0.999 0.001 1.000 0.000
0.771 0.229 1.000 0.000
0.804 0.196 1.000 0.000
0.962 0.038 1.000 0.000
0.993 0.007 1.000 0.000
0.923 0.077 1.000 0.000
0.782 0.218 1.000 0.000
0.893 0.107 1.000 0.000
1.000 0.000 1.000 0.000
1.000 0.000 1.000 0.000
0.639 0.361 1.000 0.000
0.859 0.141 1.000 0.000
0.668 0.332 1.000 0.000
0.819 0.181 1.000 0.000
0.999 0.001 1.000 0.000
0.693 0.307 1.000 0.000
0.583 0.417 1.000 0.000
0.723 0.277 1.000 0.000
0.964 0.036 1.000 0.000
0.989 0.011 1.000 0.000
0.900 0.100 1.000 0.000
0.714 0.286 1.000 0.000
1.000 0.000 1.000 0.000
0.879 0.121 1.000 0.000
0.822 0.178 1.000 0.000
0.620 0.380 1.000 0.000
0.715 0.285 1.000 0.000
0.841 0.159 1.000 0.000
0.977 0.023 1.000 0.000
0.997 0.003 1.000 0.000
0.992 0.008 1.000 0.000
1.000 0.000 1.000 0.000
0.998 0.002 1.000 0.000
0.973 0.027 1.000 0.000
0.980 0.020 1.000 0.000
0.776 0.224 1.000 0.000
0.627 0.373 1.000 0.000
0.561 0.439 1.000 0.000
0.965 0.035 1.000 0.000
0.993 0.007 1.000 0.000
0.979 0.021 1.000 0.000
0.809 0.191 1.000 0.000
0.981 0.019 1.000 0.000
0.994 0.006 1.000 0.000
0.960 0.040 1.000 0.000
0.954 0.046 1.000 0.000
0.574 0.426 1.000 0.000
0.682 0.318 1.000 0.000
0.952 0.048 1.000 0.000
0.979 0.021 1.000 0.000
0.939 0.061 1.000 0.000
0.841 0.159 1.000 0.000
0.828 0.172 1.000 0.000
0.907 0.093 1.000 0.000
0.997 0.003 1.000 0.000
0.937 0.063 1.000 0.000
0.611 0.389 1.000 0.000
0.966 0.034 1.000 0.000
0.928 0.072 1.000 0.000
0.970 0.030 1.000 0.000
0.928 0.072 1.000 0.000
0.753 0.247 0.000 1.000
0.998 0.002 1.000 0.000
0.993 0.007 1.000 0.000
0.934 0.066 1.000 0.000
0.948 0.052 1.000 0.000
0.749 0.251 1.000 0.000
0.782 0.218 1.000 0.000
0.794 0.206 0.000 1.000
0.786 0.214 1.000 0.000
0.975 0.025 1.000 0.000
0.864 0.136 1.000 0.000
0.887 0.113 1.000 0.000
0.998 0.002 1.000 0.000
0.937 0.063 1.000 0.000
0.880 0.120 1.000 0.000
0.646 0.354 1.000 0.000
1.000 0.000 1.000 0.000
0.997 0.003 1.000 0.000
0.986 0.014 1.000 0.000
1.000 0.000 1.000 0.000
1.000 0.000 1.000 0.000
1.000 0.000 1.000 0.000
0.998 0.002 1.000 0.000
0.965 0.035 1.000 0.000
0.998 0.002 1.000 0.000
1.000 0.000 1.000 0.000
0.991 0.009 1.000 0.000
0.980 0.020 1.000 0.000
1.000 0.000 1.000 0.000
0.996 0.004 1.000 0.000
1.000 0.000 1.000 0.000
0.973 0.027 1.000 0.000
0.979 0.021 1.000 0.000
0.672 0.328 1.000 0.000
0.959 0.041 1.000 0.000
0.974 0.026 1.000 0.000
0.729 0.271 1.000 0.000
0.751 0.249 1.000 0.000
0.728 0.272 0.000 1.000
0.933 0.067 1.000 0.000
0.792 0.208 1.000 0.000
0.994 0.006 1.000 0.000
0.982 0.018 1.000 0.000
0.999 0.001 1.000 0.000
1.000 0.000 1.000 0.000
0.914 0.086 1.000 0.000
1.000 0.000 1.000 0.000
0.553 0.447 1.000 0.000
0.822 0.178 1.000 0.000
0.996 0.004 1.000 0.000
0.958 0.042 1.000 0.000
0.880 0.120 1.000 0.000
0.865 0.135 1.000 0.000
0.968 0.032 1.000 0.000
0.881 0.119 1.000 0.000
0.946 0.054 1.000 0.000
0.997 0.003 1.000 0.000
0.776 0.224 1.000 0.000
0.988 0.012 1.000 0.000
0.783 0.217 1.000 0.000
1.000 0.000 1.000 0.000
0.958 0.042 1.000 0.000
0.702 0.298 1.000 0.000
0.997 0.003 1.000 0.000
0.987 0.013 1.000 0.000
0.784 0.216 1.000 0.000
0.838 0.162 1.000 0.000
0.990 0.010 1.000 0.000
0.802 0.198 1.000 0.000
0.975 0.025 1.000 0.000
0.765 0.235 1.000 0.000
0.974 0.026 1.000 0.000
0.997 0.003 1.000 0.000
0.993 0.007 1.000 0.000
1.000 0.000 1.000 0.000
0.998 0.002 1.000 0.000
0.912 0.088 1.000 0.000
0.791 0.209 1.000 0.000
0.941 0.059 1.000 0.000
0.684 0.316 1.000 0.000
0.936 0.064 1.000 0.000
0.765 0.235 1.000 0.000
0.983 0.017 1.000 0.000
1.000 0.000 1.000 0.000
0.857 0.143 1.000 0.000
0.998 0.002 1.000 0.000
1.000 0.000 1.000 0.000
0.994 0.006 1.000 0.000
0.908 0.092 1.000 0.000
0.807 0.193 1.000 0.000
0.751 0.249 1.000 0.000
0.978 0.022 1.000 0.000
0.866 0.134 1.000 0.000
0.732 0.268 1.000 0.000
0.757 0.243 1.000 0.000
0.850 0.150 1.000 0.000
0.724 0.276 1.000 0.000
0.988 0.012 1.000 0.000
0.999 0.001 1.000 0.000
0.854 0.146 1.000 0.000
0.804 0.196 1.000 0.000
0.646 0.354 1.000 0.000
0.590 0.410 1.000 0.000
0.897 0.103 1.000 0.000
0.647 0.353 1.000 0.000
0.913 0.087 1.000 0.000
0.997 0.003 1.000 0.000
0.803 0.197 1.000 0.000
0.785 0.215 1.000 0.000
0.995 0.005 1.000 0.000
0.894 0.106 1.000 0.000
0.802 0.198 1.000 0.000
0.795 0.205 1.000 0.000
0.944 0.056 1.000 0.000
0.958 0.042 1.000 0.000
0.996 0.004 1.000 0.000
0.964 0.036 1.000 0.000
0.999 0.001 1.000 0.000
0.997 0.003 1.000 0.000
0.999 0.001 1.000 0.000
0.999 0.001 1.000 0.000
0.929 0.071 1.000 0.000
0.929 0.071 1.000 0.000
0.483 0.517 1.000 0.000
0.966 0.034 1.000 0.000
0.995 0.005 1.000 0.000
0.990 0.010 1.000 0.000
0.993 0.007 1.000 0.000
0.989 0.011 0.000 1.000
0.539 0.461 0.000 1.000
0.313 0.687 0.000 1.000
0.657 0.343 0.000 1.000
0.035 0.965 0.000 1.000
0.865 0.135 0.000 1.000
0.761 0.239 0.000 1.000
0.685 0.315 0.000 1.000
0.935 0.065 0.000 1.000
0.001 0.999 0.000 1.000
0.001 0.999 0.000 1.000
0.001 0.999 0.000 1.000
0.534 0.466 0.000 1.000
0.938 0.062 0.000 1.000
0.606 0.394 0.000 1.000
0.938 0.062 0.000 1.000
0.938 0.062 0.000 1.000
0.888 0.112 0.000 1.000
0.801 0.199 0.000 1.000
0.261 0.739 0.000 1.000
0.415 0.585 0.000 1.000
0.835 0.165 0.000 1.000
0.882 0.118 0.000 1.000
0.005 0.995 0.000 1.000
0.041 0.959 0.000 1.000
0.568 0.432 0.000 1.000
0.476 0.524 0.000 1.000
0.716 0.284 0.000 1.000
0.716 0.284 0.000 1.000
0.522 0.478 0.000 1.000
0.975 0.025 0.000 1.000
0.967 0.033 0.000 1.000
0.841 0.159 0.000 1.000
0.754 0.246 0.000 1.000
0.690 0.310 0.000 1.000
0.524 0.476 0.000 1.000
0.946 0.054 0.000 1.000
0.691 0.309 0.000 1.000
0.000 1.000 0.000 1.000
0.004 0.996 0.000 1.000
0.001 0.999 0.000 1.000
0.000 1.000 0.000 1.000
0.241 0.759 0.000 1.000
0.000 1.000 0.000 1.000
0.709 0.291 0.000 1.000
0.702 0.298 0.000 1.000
0.707 0.293 0.000 1.000
0.907 0.093 0.000 1.000
0.544 0.456 0.000 1.000
0.089 0.911 0.000 1.000
0.089 0.911 0.000 1.000
0.089 0.911 0.000 1.000
0.867 0.133 0.000 1.000
0.850 0.150 0.000 1.000
0.829 0.171 0.000 1.000
0.961 0.039 0.000 1.000
0.595 0.405 0.000 1.000
0.043 0.957 0.000 1.000
0.935 0.065 0.000 1.000
0.499 0.501 0.000 1.000
0.701 0.299 0.000 1.000
0.596 0.404 0.000 1.000
0.806 0.194 0.000 1.000
0.767 0.233 0.000 1.000
0.792 0.208 0.000 1.000
0.941 0.059 0.000 1.000
0.007 0.993 0.000 1.000
0.315 0.685 0.000 1.000
0.371 0.629 0.000 1.000
0.728 0.272 0.000 1.000
0.529 0.471 0.000 1.000
0.002 0.998 0.000 1.000
0.011 0.989 0.000 1.000
0.548 0.452 0.000 1.000
0.797 0.203 0.000 1.000
0.742 0.258 0.000 1.000
0.787 0.213 0.000 1.000
0.737 0.263 0.000 1.000
0.702 0.298 0.000 1.000
0.001 0.999 0.000 1.000
0.017 0.983 0.000 1.000
0.001 0.999 0.000 1.000
0.601 0.399 0.000 1.000
0.019 0.981 0.000 1.000
0.019 0.981 0.000 1.000
0.003 0.997 0.000 1.000
0.796 0.204 0.000 1.000
0.770 0.230 0.000 1.000
0.760 0.240 0.000 1.000
0.738 0.262 0.000 1.000
0.791 0.209 0.000 1.000
0.001 0.999 0.000 1.000
0.814 0.186 0.000 1.000
0.750 0.250 0.000 1.000
0.904 0.096 0.000 1.000
0.747 0.253 0.000 1.000
0.513 0.487 0.000 1.000
0.997 0.003 0.000 1.000
0.725 0.275 0.000 1.000
0.705 0.295 0.000 1.000
0.696 0.304 0.000 1.000
0.995 0.005 0.000 1.000
0.756 0.244 0.000 1.000
0.724 0.276 0.000 1.000
0.294 0.706 0.000 1.000
0.488 0.512 0.000 1.000
0.562 0.438 1.000 0.000
0.882 0.118 1.000 0.000
0.883 0.117 1.000 0.000
0.690 0.310 1.000 0.000
0.888 0.112 1.000 0.000
0.674 0.326 1.000 0.000
0.737 0.263 1.000 0.000
0.834 0.166 1.000 0.000
0.894 0.106 1.000 0.000
0.918 0.082 1.000 0.000
0.826 0.174 1.000 0.000
0.811 0.189 1.000 0.000
0.806 0.194 1.000 0.000
0.899 0.101 1.000 0.000
0.825 0.175 1.000 0.000
0.853 0.147 1.000 0.000
0.808 0.192 1.000 0.000
0.560 0.440 1.000 0.000
0.683 0.317 1.000 0.000
0.728 0.272 1.000 0.000
0.819 0.181 1.000 0.000
0.783 0.217 1.000 0.000
0.756 0.244 1.000 0.000
0.996 0.004 1.000 0.000
0.912 0.088 1.000 0.000
0.940 0.060 1.000 0.000
0.925 0.075 1.000 0.000
0.827 0.173 1.000 0.000
0.891 0.109 1.000 0.000
0.988 0.012 0.000 1.000
1.000 0.000 1.000 0.000
0.969 0.031 1.000 0.000
0.973 0.027 1.000 0.000
0.819 0.181 1.000 0.000
0.990 0.010 1.000 0.000
0.553 0.447 1.000 0.000
0.652 0.348 1.000 0.000
0.773 0.227 1.000 0.000
0.674 0.326 1.000 0.000
0.829 0.171 1.000 0.000
0.659 0.341 1.000 0.000
0.978 0.022 1.000 0.000
0.918 0.082 1.000 0.000
0.853 0.147 1.000 0.000
0.840 0.160 1.000 0.000
0.761 0.239 1.000 0.000
0.176 0.824 1.000 0.000
0.783 0.217 1.000 0.000
0.933 0.067 1.000 0.000
0.707 0.293 1.000 0.000
0.796 0.204 1.000 0.000
0.810 0.190 1.000 0.000
0.999 0.001 1.000 0.000
0.965 0.035 1.000 0.000
0.865 0.135 1.000 0.000
0.787 0.213 1.000 0.000
0.988 0.012 1.000 0.000
0.908 0.092 1.000 0.000
0.787 0.213 1.000 0.000
1.000 0.000 1.000 0.000
0.532 0.468 1.000 0.000
0.710 0.290 1.000 0.000
0.888 0.112 1.000 0.000
0.999 0.001 1.000 0.000
0.928 0.072 1.000 0.000
0.943 0.057 1.000 0.000
0.990 0.010 1.000 0.000
0.996 0.004 1.000 0.000
0.914 0.086 1.000 0.000
0.978 0.022 1.000 0.000
0.991 0.009 1.000 0.000
0.971 0.029 1.000 0.000
0.997 0.003 1.000 0.000
0.876 0.124 1.000 0.000
0.772 0.228 1.000 0.000
0.987 0.013 1.000 0.000
0.877 0.123 1.000 0.000
0.809 0.191 1.000 0.000
0.961 0.039 1.000 0.000
0.994 0.006 1.000 0.000
0.792 0.208 1.000 0.000
0.926 0.074 1.000 0.000
0.938 0.062 1.000 0.000
0.974 0.026 1.000 0.000
1.000 0.000 1.000 0.000
0.863 0.137 1.000 0.000
0.847 0.153 1.000 0.000
0.989 0.011 1.000 0.000
0.949 0.051 1.000 0.000
1.000 0.000 1.000 0.000
1.000 0.000 1.000 0.000
0.998 0.002 1.000 0.000
0.991 0.009 1.000 0.000
0.946 0.054 1.000 0.000
0.997 0.003 1.000 0.000
0.972 0.028 1.000 0.000
0.870 0.130 1.000 0.000
1.000 0.000 1.000 0.000
0.881 0.119 1.000 0.000
0.991 0.009 1.000 0.000
0.725 0.275 1.000 0.000
0.887 0.113 1.000 0.000
0.946 0.054 1.000 0.000
0.995 0.005 1.000 0.000
0.994 0.006 1.000 0.000
0.995 0.005 1.000 0.000
0.880 0.120 1.000 0.000
0.821 0.179 1.000 0.000
0.870 0.130 1.000 0.000
0.934 0.066 1.000 0.000
0.669 0.331 1.000 0.000
0.972 0.028 1.000 0.000
0.997 0.003 1.000 0.000
0.995 0.005 1.000 0.000
0.998 0.002 1.000 0.000
0.997 0.003 1.000 0.000
0.872 0.128 1.000 0.000
0.882 0.118 1.000 0.000
0.894 0.106 1.000 0.000
0.872 0.128 1.000 0.000
0.813 0.187 1.000 0.000
0.904 0.096 1.000 0.000
0.995 0.005 1.000 0.000
0.770 0.230 1.000 0.000
0.799 0.201 1.000 0.000
0.997 0.003 1.000 0.000
0.971 0.029 1.000 0.000
0.998 0.002 1.000 0.000
0.899 0.101 1.000 0.000
0.883 0.117 1.000 0.000
0.977 0.023 1.000 0.000
0.995 0.005 1.000 0.000
0.969 0.031 1.000 0.000
0.880 0.120 1.000 0.000
0.942 0.058 1.000 0.000
0.985 0.015 1.000 0.000
0.960 0.040 1.000 0.000
0.888 0.112 1.000 0.000
0.992 0.008 1.000 0.000
0.977 0.023 1.000 0.000
0.993 0.007 1.000 0.000
0.951 0.049 1.000 0.000
0.999 0.001 1.000 0.000
0.999 0.001 1.000 0.000
0.958 0.042 1.000 0.000
0.971 0.029 1.000 0.000
0.998 0.002 1.000 0.000
0.992 0.008 1.000 0.000
0.951 0.049 1.000 0.000
0.995 0.005 1.000 0.000
0.822 0.178 1.000 0.000
0.958 0.042 1.000 0.000
0.971 0.029 1.000 0.000
0.960 0.040 1.000 0.000
0.833 0.167 1.000 0.000
0.986 0.014 1.000 0.000
0.965 0.035 1.000 0.000
0.970 0.030 1.000 0.000
0.998 0.002 1.000 0.000
0.993 0.007 1.000 0.000
0.997 0.003 1.000 0.000
0.991 0.009 1.000 0.000
0.990 0.010 1.000 0.000
0.905 0.095 1.000 0.000
0.994 0.006 1.000 0.000
0.992 0.008 1.000 0.000
0.997 0.003 1.000 0.000
0.935 0.065 1.000 0.000
0.920 0.080 1.000 0.000
0.983 0.017 1.000 0.000
0.996 0.004 1.000 0.000
0.951 0.049 1.000 0.000
0.896 0.104 1.000 0.000
0.957 0.043 1.000 0.000
0.992 0.008 1.000 0.000
0.932 0.068 1.000 0.000
0.921 0.079 1.000 0.000
0.952 0.048 1.000 0.000
0.989 0.011 1.000 0.000
0.956 0.044 1.000 0.000
0.993 0.007 1.000 0.000
0.979 0.021 1.000 0.000
0.785 0.215 1.000 0.000
0.988 0.012 1.000 0.000
0.990 0.010 1.000 0.000
0.986 0.014 1.000 0.000
0.999 0.001 1.000 0.000
0.999 0.001 1.000 0.000
0.877 0.123 1.000 0.000
0.583 0.417 1.000 0.000
0.953 0.047 1.000 0.000
0.655 0.345 1.000 0.000
0.820 0.180 1.000 0.000
0.994 0.006 1.000 0.000
0.728 0.272 1.000 0.000
0.821 0.179 1.000 0.000
0.993 0.007 1.000 0.000
0.800 0.200 1.000 0.000
0.991 0.009 1.000 0.000
0.913 0.087 1.000 0.000
0.954 0.046 1.000 0.000
0.810 0.190 1.000 0.000
0.869 0.131 1.000 0.000
0.801 0.199 1.000 0.000
0.999 0.001 1.000 0.000
0.711 0.289 1.000 0.000
0.919 0.081 1.000 0.000
0.761 0.239 1.000 0.000
0.717 0.283 1.000 0.000
0.618 0.382 1.000 0.000
0.897 0.103 1.000 0.000
0.998 0.002 1.000 0.000
0.857 0.143 1.000 0.000
1.000 0.000 1.000 0.000
0.990 0.010 1.000 0.000
0.833 0.167 1.000 0.000
0.994 0.006 1.000 0.000
0.990 0.010 1.000 0.000
0.957 0.043 0.000 1.000
0.992 0.008 1.000 0.000
0.714 0.286 1.000 0.000
0.948 0.052 1.000 0.000
0.998 0.002 1.000 0.000
1.000 0.000 1.000 0.000
0.819 0.181 1.000 0.000
0.962 0.038 1.000 0.000
0.979 0.021 1.000 0.000
0.988 0.012 1.000 0.000
0.993 0.007 1.000 0.000
0.951 0.049 1.000 0.000
0.994 0.006 1.000 0.000
0.952 0.048 1.000 0.000
0.818 0.182 1.000 0.000
0.798 0.202 1.000 0.000
0.980 0.020 1.000 0.000
0.862 0.138 1.000 0.000
0.865 0.135 1.000 0.000
0.751 0.249 1.000 0.000
0.865 0.135 1.000 0.000
0.690 0.310 1.000 0.000
0.902 0.098 1.000 0.000
0.980 0.020 1.000 0.000
0.886 0.114 1.000 0.000
0.917 0.083 1.000 0.000
0.804 0.196 1.000 0.000
0.725 0.275 1.000 0.000
0.874 0.126 1.000 0.000
0.975 0.025 1.000 0.000
0.746 0.254 1.000 0.000
1.000 0.000 1.000 0.000
0.918 0.082 1.000 0.000
1.000 0.000 1.000 0.000
0.996 0.004 1.000 0.000
0.921 0.079 1.000 0.000
1.000 0.000 1.000 0.000
0.963 0.037 1.000 0.000
0.976 0.024 1.000 0.000
1.000 0.000 1.000 0.000
0.932 0.068 1.000 0.000
1.000 0.000 1.000 0.000
1.000 0.000 1.000 0.000
0.995 0.005 1.000 0.000
0.985 0.015 1.000 0.000
0.998 0.002 1.000 0.000
1.000 0.000 1.000 0.000
0.923 0.077 1.000 0.000
0.951 0.049 1.000 0.000
0.995 0.005 1.000 0.000
0.944 0.056 1.000 0.000
0.864 0.136 1.000 0.000
0.900 0.100 1.000 0.000
0.749 0.251 1.000 0.000
0.664 0.336 1.000 0.000
0.850 0.150 1.000 0.000
0.687 0.313 1.000 0.000
0.960 0.040 1.000 0.000
0.888 0.112 1.000 0.000
0.801 0.199 1.000 0.000
0.811 0.189 1.000 0.000
0.920 0.080 1.000 0.000
0.966 0.034 1.000 0.000
0.992 0.008 1.000 0.000
0.950 0.050 1.000 0.000
0.749 0.251 1.000 0.000
0.971 0.029 1.000 0.000
0.946 0.054 1.000 0.000
0.601 0.399 1.000 0.000
0.925 0.075 1.000 0.000
0.966 0.034 1.000 0.000
0.925 0.075 1.000 0.000
0.967 0.033 1.000 0.000
0.912 0.088 1.000 0.000
0.837 0.163 1.000 0.000
0.850 0.150 1.000 0.000
0.995 0.005 1.000 0.000
0.967 0.033 1.000 0.000
0.803 0.197 1.000 0.000
0.994 0.006 1.000 0.000
0.746 0.254 1.000 0.000
0.930 0.070 1.000 0.000
1.000 0.000 1.000 0.000
0.990 0.010 1.000 0.000
0.943 0.057 1.000 0.000
0.979 0.021 1.000 0.000
0.997 0.003 1.000 0.000
0.982 0.018 1.000 0.000
0.994 0.006 1.000 0.000
0.906 0.094 1.000 0.000
0.706 0.294 1.000 0.000
0.931 0.069 1.000 0.000
0.923 0.077 1.000 0.000
0.827 0.173 1.000 0.000
0.799 0.201 1.000 0.000
0.593 0.407 1.000 0.000
0.988 0.012 1.000 0.000
0.987 0.013 1.000 0.000
0.996 0.004 1.000 0.000
0.975 0.025 1.000 0.000
0.862 0.138 1.000 0.000
0.723 0.277 1.000 0.000
0.922 0.078 1.000 0.000
0.981 0.019 1.000 0.000
0.859 0.141 1.000 0.000
0.659 0.341 1.000 0.000
0.800 0.200 1.000 0.000
0.966 0.034 1.000 0.000
0.999 0.001 1.000 0.000
0.897 0.103 1.000 0.000
0.897 0.103 1.000 0.000
0.587 0.413 1.000 0.000
0.999 0.001 1.000 0.000
1.000 0.000 1.000 0.000
0.992 0.008 1.000 0.000
0.880 0.120 1.000 0.000
0.944 0.056 1.000 0.000
0.954 0.046 1.000 0.000
0.919 0.081 1.000 0.000
0.826 0.174 1.000 0.000
0.985 0.015 1.000 0.000
0.975 0.025 1.000 0.000
0.916 0.084 1.000 0.000
0.971 0.029 1.000 0.000
0.543 0.457 1.000 0.000
0.998 0.002 1.000 0.000
0.893 0.107 1.000 0.000
0.956 0.044 1.000 0.000
0.974 0.026 1.000 0.000
1.000 0.000 1.000 0.000
0.949 0.051 1.000 0.000
0.975 0.025 1.000 0.000
0.897 0.103 1.000 0.000
0.993 0.007 1.000 0.000
0.368 0.632 1.000 0.000
0.709 0.291 1.000 0.000
0.989 0.011 1.000 0.000
0.682 0.318 1.000 0.000
0.685 0.315 1.000 0.000
0.665 0.335 1.000 0.000
0.918 0.082 1.000 0.000
0.941 0.059 1.000 0.000
0.791 0.209 1.000 0.000
0.790 0.210 1.000 0.000
0.712 0.288 1.000 0.000
0.906 0.094 1.000 0.000
0.949 0.051 1.000 0.000
0.985 0.015 1.000 0.000
0.962 0.038 1.000 0.000
0.766 0.234 1.000 0.000
0.856 0.144 1.000 0.000
0.856 0.144 1.000 0.000
0.870 0.130 1.000 0.000
0.999 0.001 1.000 0.000
0.993 0.007 1.000 0.000
0.762 0.238 1.000 0.000
0.592 0.408 1.000 0.000
0.724 0.276 1.000 0.000
0.981 0.019 1.000 0.000
0.984 0.016 1.000 0.000
1.000 0.000 1.000 0.000
0.992 0.008 1.000 0.000
0.998 0.002 1.000 0.000
0.951 0.049 1.000 0.000
0.925 0.075 1.000 0.000
0.690 0.310 1.000 0.000
0.726 0.274 1.000 0.000
0.959 0.041 1.000 0.000
0.655 0.345 1.000 0.000
1.000 0.000 1.000 0.000
0.990 0.010 1.000 0.000
0.936 0.064 1.000 0.000
0.974 0.026 1.000 0.000
0.770 0.230 1.000 0.000
0.962 0.038 1.000 0.000
0.685 0.315 1.000 0.000
0.875 0.125 1.000 0.000
0.795 0.205 0.000 1.000
0.603 0.397 1.000 0.000
0.850 0.150 1.000 0.000
0.987 0.013 1.000 0.000
1.000 0.000 1.000 0.000
0.999 0.001 1.000 0.000
0.987 0.013 1.000 0.000
0.787 0.213 1.000 0.000
0.796 0.204 1.000 0.000
0.791 0.209 1.000 0.000
0.873 0.127 0.000 1.000
0.718 0.282 1.000 0.000
1.000 0.000 1.000 0.000
0.671 0.329 1.000 0.000
0.997 0.003 1.000 0.000
0.999 0.001 1.000 0.000
0.818 0.182 1.000 0.000
0.179 0.821 1.000 0.000
0.997 0.003 1.000 0.000
0.953 0.047 1.000 0.000
0.922 0.078 1.000 0.000
0.535 0.465 1.000 0.000
0.751 0.249 1.000 0.000
0.880 0.120 1.000 0.000
0.621 0.379 1.000 0.000
0.792 0.208 1.000 0.000
0.967 0.033 1.000 0.000
0.563 0.437 1.000 0.000
0.823 0.177 1.000 0.000
0.903 0.097 1.000 0.000
0.963 0.037 1.000 0.000
0.684 0.316 1.000 0.000
0.874 0.126 1.000 0.000
0.988 0.012 1.000 0.000
0.747 0.253 1.000 0.000
0.928 0.072 1.000 0.000
1.000 0.000 1.000 0.000
0.761 0.239 1.000 0.000
0.708 0.292 1.000 0.000
0.994 0.006 1.000 0.000
0.770 0.230 1.000 0.000
0.944 0.056 1.000 0.000
0.594 0.406 1.000 0.000
0.832 0.168 1.000 0.000
0.788 0.212 1.000 0.000
0.955 0.045 1.000 0.000
0.650 0.350 1.000 0.000
0.657 0.343 1.000 0.000
0.986 0.014 1.000 0.000
0.952 0.048 1.000 0.000
0.872 0.128 1.000 0.000
0.812 0.188 1.000 0.000
0.983 0.017 1.000 0.000
0.960 0.040 1.000 0.000
0.996 0.004 1.000 0.000
1.000 0.000 1.000 0.000
0.995 0.005 1.000 0.000
0.729 0.271 1.000 0.000
0.895 0.105 1.000 0.000
0.993 0.007 1.000 0.000
0.988 0.012 1.000 0.000
0.999 0.001 1.000 0.000
0.675 0.325 1.000 0.000
0.722 0.278 1.000 0.000
0.956 0.044 1.000 0.000
0.948 0.052 1.000 0.000
0.739 0.261 1.000 0.000
0.999 0.001 1.000 0.000
0.771 0.229 1.000 0.000
0.573 0.427 1.000 0.000
0.903 0.097 1.000 0.000
0.926 0.074 1.000 0.000
0.909 0.091 1.000 0.000
0.713 0.287 1.000 0.000
0.668 0.332 1.000 0.000
0.999 0.001 1.000 0.000
0.610 0.390 1.000 0.000
0.843 0.157 1.000 0.000
0.987 0.013 1.000 0.000
0.915 0.085 1.000 0.000
0.965 0.035 1.000 0.000
0.995 0.005 1.000 0.000
0.953 0.047 1.000 0.000
0.870 0.130 1.000 0.000
0.641 0.359 1.000 0.000
0.674 0.326 1.000 0.000
0.966 0.034 1.000 0.000
0.956 0.044 1.000 0.000
0.999 0.001 1.000 0.000
1.000 0.000 1.000 0.000
0.854 0.146 1.000 0.000
0.693 0.307 1.000 0.000
0.999 0.001 1.000 0.000
0.593 0.407 1.000 0.000
0.845 0.155 1.000 0.000
0.956 0.044 1.000 0.000
0.998 0.002 1.000 0.000
0.633 0.367 1.000 0.000
0.712 0.288 1.000 0.000
0.959 0.041 1.000 0.000
0.587 0.413 1.000 0.000
0.743 0.257 1.000 0.000
0.961 0.039 1.000 0.000
0.560 0.440 1.000 0.000
0.820 0.180 1.000 0.000
0.990 0.010 1.000 0.000
0.963 0.037 1.000 0.000
0.997 0.003 1.000 0.000
0.903 0.097 1.000 0.000
0.994 0.006 1.000 0.000
0.992 0.008 1.000 0.000
0.998 0.002 1.000 0.000
0.545 0.455 1.000 0.000
1.000 0.000 1.000 0.000
1.000 0.000 1.000 0.000
0.955 0.045 1.000 0.000
0.727 0.273 1.000 0.000
0.652 0.348 1.000 0.000
0.911 0.089 1.000 0.000
0.817 0.183 1.000 0.000
0.952 0.048 1.000 0.000
0.698 0.302 1.000 0.000
0.981 0.019 1.000 0.000
0.924 0.076 1.000 0.000
0.990 0.010 1.000 0.000
0.957 0.043 1.000 0.000
0.625 0.375 1.000 0.000
0.993 0.007 1.000 0.000
0.641 0.359 1.000 0.000
0.997 0.003 1.000 0.000
0.722 0.278 1.000 0.000
0.737 0.263 1.000 0.000
0.998 0.002 1.000 0.000
0.924 0.076 1.000 0.000
0.981 0.019 1.000 0.000
0.628 0.372 1.000 0.000
0.610 0.390 1.000 0.000
0.993 0.007 1.000 0.000
0.611 0.389 1.000 0.000
0.562 0.438 1.000 0.000
0.936 0.064 1.000 0.000
0.737 0.263 1.000 0.000
0.496 0.504 1.000 0.000
0.639 0.361 1.000 0.000
0.905 0.095 1.000 0.000
0.720 0.280 1.000 0.000
0.993 0.007 1.000 0.000
1.000 0.000 1.000 0.000
0.998 0.002 1.000 0.000
0.839 0.161 1.000 0.000
0.963 0.037 1.000 0.000
0.912 0.088 1.000 0.000
0.971 0.029 1.000 0.000
1.000 0.000 1.000 0.000
0.981 0.019 1.000 0.000
0.930 0.070 1.000 0.000
0.956 0.044 1.000 0.000
0.999 0.001 1.000 0.000
0.998 0.002 1.000 0.000
0.988 0.012 1.000 0.000
0.890 0.110 1.000 0.000
0.997 0.003 1.000 0.000
1.000 0.000 1.000 0.000
0.992 0.008 1.000 0.000
0.919 0.081 1.000 0.000
0.999 0.001 1.000 0.000
0.906 0.094 1.000 0.000
0.857 0.143 1.000 0.000
0.967 0.033 1.000 0.000
0.875 0.125 1.000 0.000
0.996 0.004 1.000 0.000
0.953 0.047 1.000 0.000
0.989 0.011 1.000 0.000
0.980 0.020 1.000 0.000
0.982 0.018 1.000 0.000
0.995 0.005 1.000 0.000
0.869 0.131 1.000 0.000
0.984 0.016 1.000 0.000
0.809 0.191 1.000 0.000
0.951 0.049 1.000 0.000
0.903 0.097 1.000 0.000
0.789 0.211 1.000 0.000
0.977 0.023 1.000 0.000
0.680 0.320 1.000 0.000
0.830 0.170 1.000 0.000
0.908 0.092 1.000 0.000
0.871 0.129 1.000 0.000
0.952 0.048 1.000 0.000
0.992 0.008 1.000 0.000
0.670 0.330 1.000 0.000
0.422 0.578 1.000 0.000
0.901 0.099 1.000 0.000
0.825 0.175 1.000 0.000
0.724 0.276 1.000 0.000
0.792 0.208 1.000 0.000
1.000 0.000 1.000 0.000
0.975 0.025 1.000 0.000
1.000 0.000 1.000 0.000
0.681 0.319 1.000 0.000
0.978 0.022 1.000 0.000
0.988 0.012 1.000 0.000
0.998 0.002 1.000 0.000
0.999 0.001 1.000 0.000
0.721 0.279 1.000 0.000
0.990 0.010 1.000 0.000
0.999 0.001 1.000 0.000
0.885 0.115 1.000 0.000
1.000 0.000 1.000 0.000
1.000 0.000 1.000 0.000
0.994 0.006 1.000 0.000
0.911 0.089 1.000 0.000
0.995 0.005 1.000 0.000
0.950 0.050 1.000 0.000
0.701 0.299 1.000 0.000
1.000 0.000 1.000 0.000
0.706 0.294 1.000 0.000
1.000 0.000 1.000 0.000
1.000 0.000 1.000 0.000
0.963 0.037 1.000 0.000
0.986 0.014 1.000 0.000
0.991 0.009 1.000 0.000
0.816 0.184 1.000 0.000
0.949 0.051 1.000 0.000
0.712 0.288 1.000 0.000
0.999 0.001 1.000 0.000
0.892 0.108 1.000 0.000
0.974 0.026 1.000 0.000
0.941 0.059 1.000 0.000
0.995 0.005 1.000 0.000
0.966 0.034 1.000 0.000
0.027 0.973 0.000 1.000
1.000 0.000 1.000 0.000
0.756 0.244 1.000 0.000
0.660 0.340 1.000 0.000
0.994 0.006 1.000 0.000
0.617 0.383 1.000 0.000
0.978 0.022 1.000 0.000
0.999 0.001 1.000 0.000
0.992 0.008 1.000 0.000
0.771 0.229 1.000 0.000
0.755 0.245 1.000 0.000
0.897 0.103 1.000 0.000
1.000 0.000 1.000 0.000
0.666 0.334 1.000 0.000
0.661 0.339 1.000 0.000
1.000 0.000 1.000 0.000
1.000 0.000 1.000 0.000
1.000 0.000 1.000 0.000
0.999 0.001 1.000 0.000
1.000 0.000 1.000 0.000
0.997 0.003 1.000 0.000
0.601 0.399 1.000 0.000
0.992 0.008 1.000 0.000
0.946 0.054 1.000 0.000
1.000 0.000 1.000 0.000
0.935 0.065 1.000 0.000
0.983 0.017 1.000 0.000
0.736 0.264 1.000 0.000
0.982 0.018 1.000 0.000
0.996 0.004 1.000 0.000
1.000 0.000 1.000 0.000
0.998 0.002 1.000 0.000
0.957 0.043 1.000 0.000
0.983 0.017 1.000 0.000
0.597 0.403 1.000 0.000
0.989 0.011 1.000 0.000
0.780 0.220 1.000 0.000
0.862 0.138 1.000 0.000
0.781 0.219 1.000 0.000
0.998 0.002 1.000 0.000
0.936 0.064 1.000 0.000
0.622 0.378 1.000 0.000
0.618 0.382 1.000 0.000
0.884 0.116 1.000 0.000
0.978 0.022 1.000 0.000
0.789 0.211 1.000 0.000
0.989 0.011 1.000 0.000
0.861 0.139 1.000 0.000
0.810 0.190 1.000 0.000
0.931 0.069 1.000 0.000
0.741 0.259 1.000 0.000
0.922 0.078 1.000 0.000
0.997 0.003 1.000 0.000
1.000 0.000 1.000 0.000
1.000 0.000 1.000 0.000
0.988 0.012 1.000 0.000
0.708 0.292 1.000 0.000
1.000 0.000 1.000 0.000
0.900 0.100 1.000 0.000
0.671 0.329 1.000 0.000
0.940 0.060 1.000 0.000
0.910 0.090 1.000 0.000
0.787 0.213 1.000 0.000
0.804 0.196 1.000 0.000
0.924 0.076 1.000 0.000
0.965 0.035 1.000 0.000
0.949 0.051 1.000 0.000
0.980 0.020 1.000 0.000
0.833 0.167 1.000 0.000
0.991 0.009 1.000 0.000
1.000 0.000 1.000 0.000
0.926 0.074 1.000 0.000
0.746 0.254 1.000 0.000
0.598 0.402 1.000 0.000
0.995 0.005 1.000 0.000
0.925 0.075 1.000 0.000
0.881 0.119 1.000 0.000
0.928 0.072 1.000 0.000
0.847 0.153 1.000 0.000
0.926 0.074 1.000 0.000
0.937 0.063 1.000 0.000
0.984 0.016 1.000 0.000
0.975 0.025 1.000 0.000
0.297 0.703 1.000 0.000
0.997 0.003 1.000 0.000
0.823 0.177 1.000 0.000
0.656 0.344 1.000 0.000
0.715 0.285 1.000 0.000
1.000 0.000 1.000 0.000
0.905 0.095 1.000 0.000
0.961 0.039 1.000 0.000
0.982 0.018 1.000 0.000
0.853 0.147 1.000 0.000
0.984 0.016 1.000 0.000
0.750 0.250 1.000 0.000
0.892 0.108 1.000 0.000
0.987 0.013 1.000 0.000
0.992 0.008 1.000 0.000
0.914 0.086 1.000 0.000
0.969 0.031 1.000 0.000
0.946 0.054 1.000 0.000
0.995 0.005 1.000 0.000
0.993 0.007 1.000 0.000
0.979 0.021 1.000 0.000
0.999 0.001 1.000 0.000
0.991 0.009 1.000 0.000
0.952 0.048 1.000 0.000
1.000 0.000 1.000 0.000
0.993 0.007 1.000 0.000
0.997 0.003 1.000 0.000
1.000 0.000 1.000 0.000
0.660 0.340 1.000 0.000
0.950 0.050 1.000 0.000
0.872 0.128 1.000 0.000
0.985 0.015 1.000 0.000
1.000 0.000 1.000 0.000
1.000 0.000 1.000 0.000
0.973 0.027 1.000 0.000
1.000 0.000 1.000 0.000
0.860 0.140 1.000 0.000
0.796 0.204 1.000 0.000
0.875 0.125 1.000 0.000
0.999 0.001 1.000 0.000
0.968 0.032 1.000 0.000
0.943 0.057 1.000 0.000
0.898 0.102 1.000 0.000
0.927 0.073 1.000 0.000
0.766 0.234 1.000 0.000
0.741 0.259 0.000 1.000
0.936 0.064 1.000 0.000
0.916 0.084 1.000 0.000
0.920 0.080 1.000 0.000
0.810 0.190 1.000 0.000
0.999 0.001 1.000 0.000
0.719 0.281 1.000 0.000
0.718 0.282 1.000 0.000
0.722 0.278 1.000 0.000
0.996 0.004 1.000 0.000
0.985 0.015 1.000 0.000
0.835 0.165 1.000 0.000
0.929 0.071 1.000 0.000
0.987 0.013 1.000 0.000
0.999 0.001 1.000 0.000
0.504 0.496 1.000 0.000
0.967 0.033 1.000 0.000
0.600 0.400 1.000 0.000
1.000 0.000 1.000 0.000
0.906 0.094 1.000 0.000
0.788 0.212 1.000 0.000
0.909 0.091 1.000 0.000
0.986 0.014 1.000 0.000
0.973 0.027 1.000 0.000
0.999 0.001 1.000 0.000
0.999 0.001 1.000 0.000
0.698 0.302 1.000 0.000
0.980 0.020 1.000 0.000
0.991 0.009 1.000 0.000
0.995 0.005 1.000 0.000
0.990 0.010 1.000 0.000
1.000 0.000 1.000 0.000
0.993 0.007 1.000 0.000
0.999 0.001 1.000 0.000
0.815 0.185 1.000 0.000
0.695 0.305 1.000 0.000
0.762 0.238 1.000 0.000
0.773 0.227 1.000 0.000
0.661 0.339 1.000 0.000
0.935 0.065 1.000 0.000
0.752 0.248 1.000 0.000
0.991 0.009 1.000 0.000
1.000 0.000 1.000 0.000
0.919 0.081 1.000 0.000
0.891 0.109 1.000 0.000
0.997 0.003 1.000 0.000
0.926 0.074 1.000 0.000
0.752 0.248 1.000 0.000
0.989 0.011 1.000 0.000
0.992 0.008 1.000 0.000
0.860 0.140 1.000 0.000
0.631 0.369 1.000 0.000
0.680 0.320 1.000 0.000
0.959 0.041 1.000 0.000
1.000 0.000 1.000 0.000
0.770 0.230 1.000 0.000
0.999 0.001 1.000 0.000
0.991 0.009 1.000 0.000
0.738 0.262 1.000 0.000
0.826 0.174 1.000 0.000
0.741 0.259 1.000 0.000
0.847 0.153 1.000 0.000
0.901 0.099 1.000 0.000
0.777 0.223 1.000 0.000
0.876 0.124 1.000 0.000
0.948 0.052 1.000 0.000
0.873 0.127 1.000 0.000
0.996 0.004 1.000 0.000
0.810 0.190 1.000 0.000
0.773 0.227 1.000 0.000
0.638 0.362 1.000 0.000
0.672 0.328 0.000 1.000
0.985 0.015 1.000 0.000
0.992 0.008 1.000 0.000
0.995 0.005 1.000 0.000
0.705 0.295 1.000 0.000
0.706 0.294 1.000 0.000
0.979 0.021 1.000 0.000
1.000 0.000 1.000 0.000
0.973 0.027 1.000 0.000
0.963 0.037 1.000 0.000
0.755 0.245 1.000 0.000
0.786 0.214 1.000 0.000
0.820 0.180 1.000 0.000
0.850 0.150 1.000 0.000
0.914 0.086 1.000 0.000
0.701 0.299 1.000 0.000
0.855 0.145 1.000 0.000
0.989 0.011 1.000 0.000
0.913 0.087 1.000 0.000
0.996 0.004 1.000 0.000
0.999 0.001 1.000 0.000
0.933 0.067 1.000 0.000
0.998 0.002 1.000 0.000
0.891 0.109 1.000 0.000
0.962 0.038 1.000 0.000
0.953 0.047 1.000 0.000
0.848 0.152 1.000 0.000
0.999 0.001 1.000 0.000
0.967 0.033 1.000 0.000
1.000 0.000 1.000 0.000
0.880 0.120 1.000 0.000
0.767 0.233 1.000 0.000
0.864 0.136 1.000 0.000
0.994 0.006 1.000 0.000
0.949 0.051 1.000 0.000
0.832 0.168 1.000 0.000
0.894 0.106 0.000 1.000
0.601 0.399 0.000 1.000
0.674 0.326 0.000 1.000
0.906 0.094 0.000 1.000
0.628 0.372 0.000 1.000
0.660 0.340 0.000 1.000
0.634 0.366 0.000 1.000
0.693 0.307 0.000 1.000
0.055 0.945 0.000 1.000
0.769 0.231 0.000 1.000
0.677 0.323 0.000 1.000
0.935 0.065 0.000 1.000
0.510 0.490 0.000 1.000
0.868 0.132 0.000 1.000
0.007 0.993 0.000 1.000
0.000 1.000 0.000 1.000
0.000 1.000 0.000 1.000
0.834 0.166 0.000 1.000
0.834 0.166 0.000 1.000
0.985 0.015 0.000 1.000
0.725 0.275 0.000 1.000
0.658 0.342 0.000 1.000
0.081 0.919 0.000 1.000
0.045 0.955 0.000 1.000
0.229 0.771 0.000 1.000
0.503 0.497 0.000 1.000
0.543 0.457 0.000 1.000
0.013 0.987 0.000 1.000
0.156 0.844 0.000 1.000
0.843 0.157 0.000 1.000
0.805 0.195 0.000 1.000
0.800 0.200 0.000 1.000
0.894 0.106 0.000 1.000
0.869 0.131 0.000 1.000
0.710 0.290 0.000 1.000
0.765 0.235 0.000 1.000
0.727 0.273 0.000 1.000
0.429 0.571 0.000 1.000
0.765 0.235 0.000 1.000
0.002 0.998 0.000 1.000
0.034 0.966 0.000 1.000
0.988 0.012 0.000 1.000
0.851 0.149 0.000 1.000
0.537 0.463 0.000 1.000
0.376 0.624 0.000 1.000
0.376 0.624 0.000 1.000
0.683 0.317 0.000 1.000
0.832 0.168 0.000 1.000
0.017 0.983 0.000 1.000
0.950 0.050 0.000 1.000
0.010 0.990 0.000 1.000
0.959 0.041 0.000 1.000
0.904 0.096 0.000 1.000
0.905 0.095 0.000 1.000
0.077 0.923 0.000 1.000
0.009 0.991 0.000 1.000
0.837 0.163 0.000 1.000
0.810 0.190 0.000 1.000
0.593 0.407 0.000 1.000
0.789 0.211 0.000 1.000
0.744 0.256 0.000 1.000
0.795 0.205 0.000 1.000
0.831 0.169 0.000 1.000
0.781 0.219 0.000 1.000
0.547 0.453 0.000 1.000
0.783 0.217 0.000 1.000
0.744 0.256 0.000 1.000
0.000 1.000 0.000 1.000
0.734 0.266 0.000 1.000
0.687 0.313 0.000 1.000
0.671 0.329 0.000 1.000
0.000 1.000 0.000 1.000
0.000 1.000 0.000 1.000
0.000 1.000 0.000 1.000
0.000 1.000 0.000 1.000
0.985 0.015 0.000 1.000
0.685 0.315 0.000 1.000
0.701 0.299 0.000 1.000
0.437 0.563 0.000 1.000
0.430 0.570 0.000 1.000
0.820 0.180 0.000 1.000
0.568 0.432 0.000 1.000
0.565 0.435 0.000 1.000
0.604 0.396 0.000 1.000
0.936 0.064 0.000 1.000
0.073 0.927 0.000 1.000
0.653 0.347 0.000 1.000
0.849 0.151 0.000 1.000
0.540 0.460 0.000 1.000
0.932 0.068 0.000 1.000
0.803 0.197 0.000 1.000
0.546 0.454 0.000 1.000
0.013 0.987 0.000 1.000
0.034 0.966 0.000 1.000
0.726 0.274 0.000 1.000
0.932 0.068 0.000 1.000
0.777 0.223 0.000 1.000
1.000 0.000 0.000 1.000
0.960 0.040 0.000 1.000
0.841 0.159 0.000 1.000
0.654 0.346 0.000 1.000
0.550 0.450 0.000 1.000
0.406 0.594 0.000 1.000
