0.879 0.121 1.000 0.000
1.000 0.000 1.000 0.000
0.994 0.006 1.000 0.000
0.994 0.006 1.000 0.000
0.873 0.127 1.000 0.000
0.965 0.035 1.000 0.000
0.914 0.086 1.000 0.000
0.990 0.010 1.000 0.000
0.988 0.012 1.000 0.000
0.891 0.109 1.000 0.000
0.968 0.032 1.000 0.000
0.798 0.202 1.000 0.000
0.741 0.259 1.000 0.000
0.946 0.054 1.000 0.000
0.979 0.021 1.000 0.000
0.884 0.116 1.000 0.000
0.997 0.003 1.000 0.000
0.775 0.225 1.000 0.000
0.979 0.021 1.000 0.000
0.868 0.132 1.000 0.000
0.951 0.049 1.000 0.000
0.840 0.160 1.000 0.000
0.995 0.005 1.000 0.000
0.790 0.210 1.000 0.000
0.985 0.015 1.000 0.000
0.912 0.088 1.000 0.000
0.966 0.034 1.000 0.000
0.992 0.008 1.000 0.000
0.998 0.002 1.000 0.000
0.990 0.010 1.000 0.000
0.998 0.002 1.000 0.000
0.999 0.001 1.000 0.000
0.807 0.193 1.000 0.000
0.910 0.090 1.000 0.000
0.994 0.006 1.000 0.000
0.990 0.010 1.000 0.000
0.990 0.010 1.000 0.000
0.969 0.031 1.000 0.000
0.994 0.006 1.000 0.000
0.963 0.037 1.000 0.000
0.897 0.103 1.000 0.000
0.937 0.063 1.000 0.000
0.999 0.001 1.000 0.000
0.979 0.021 1.000 0.000
0.998 0.002 1.000 0.000
0.990 0.010 1.000 0.000
0.923 0.077 1.000 0.000
0.967 0.033 1.000 0.000
0.788 0.212 1.000 0.000
0.979 0.021 1.000 0.000
0.978 0.022 1.000 0.000
0.974 0.026 1.000 0.000
0.976 0.024 1.000 0.000
0.762 0.238 1.000 0.000
0.744 0.256 1.000 0.000
0.793 0.207 1.000 0.000
0.999 0.001 1.000 0.000
0.738 0.262 1.000 0.000
0.999 0.001 1.000 0.000
0.990 0.010 1.000 0.000
0.840 0.160 1.000 0.000
0.657 0.343 1.000 0.000
0.992 0.008 1.000 0.000
0.795 0.205 1.000 0.000
0.991 0.009 1.000 0.000
0.998 0.002 1.000 0.000
0.847 0.153 1.000 0.000
0.961 0.039 1.000 0.000
0.829 0.171 1.000 0.000
0.868 0.132 1.000 0.000
0.920 0.080 1.000 0.000
0.980 0.020 1.000 0.000
0.779 0.221 1.000 0.000
0.984 0.016 1.000 0.000
0.995 0.005 1.000 0.000
0.998 0.002 1.000 0.000
0.949 0.051 1.000 0.000
0.980 0.020 1.000 0.000
0.962 0.038 1.000 0.000
0.999 0.001 1.000 0.000
0.980 0.020 1.000 0.000
0.995 0.005 1.000 0.000
0.990 0.010 1.000 0.000
0.997 0.003 1.000 0.000
0.928 0.072 1.000 0.000
0.999 0.001 1.000 0.000
0.956 0.044 1.000 0.000
0.917 0.083 1.000 0.000
0.999 0.001 1.000 0.000
0.999 0.001 1.000 0.000
1.000 0.000 1.000 0.000
0.992 0.008 1.000 0.000
0.824 0.176 1.000 0.000
0.816 0.184 1.000 0.000
0.924 0.076 1.000 0.000
0.995 0.005 1.000 0.000
0.638 0.362 1.000 0.000
0.870 0.130 1.000 0.000
0.996 0.004 1.000 0.000
0.975 0.025 1.000 0.000
0.939 0.061 1.000 0.000
0.824 0.176 1.000 0.000
0.902 0.098 1.000 0.000
0.998 0.002 1.000 0.000
0.977 0.023 1.000 0.000
0.922 0.078 1.000 0.000
0.998 0.002 1.000 0.000
0.981 0.019 1.000 0.000
0.990 0.010 1.000 0.000
0.989 0.011 1.000 0.000
0.919 0.081 1.000 0.000
0.931 0.069 1.000 0.000
0.986 0.014 1.000 0.000
0.999 0.001 1.000 0.000
0.997 0.003 1.000 0.000
0.965 0.035 1.000 0.000
0.969 0.031 1.000 0.000
0.843 0.157 1.000 0.000
1.000 0.000 1.000 0.000
0.973 0.027 1.000 0.000
0.894 0.106 1.000 0.000
0.989 0.011 1.000 0.000
0.990 0.010 1.000 0.000
0.955 0.045 1.000 0.000
0.831 0.169 1.000 0.000
0.717 0.283 1.000 0.000
0.898 0.102 1.000 0.000
0.812 0.188 1.000 0.000
0.982 0.018 1.000 0.000
0.963 0.037 1.000 0.000
0.878 0.122 1.000 0.000
0.926 0.074 1.000 0.000
0.980 0.020 1.000 0.000
0.998 0.002 1.000 0.000
0.979 0.021 1.000 0.000
0.913 0.087 1.000 0.000
0.938 0.062 1.000 0.000
0.970 0.030 1.000 0.000
0.931 0.069 1.000 0.000
0.890 0.110 1.000 0.000
0.999 0.001 1.000 0.000
0.990 0.010 1.000 0.000
0.993 0.007 1.000 0.000
0.996 0.004 1.000 0.000
0.987 0.013 1.000 0.000
0.799 0.201 1.000 0.000
0.992 0.008 1.000 0.000
0.981 0.019 1.000 0.000
0.983 0.017 1.000 0.000
1.000 0.000 1.000 0.000
0.948 0.052 1.000 0.000
0.990 0.010 1.000 0.000
0.239 0.761 1.000 0.000
0.968 0.032 1.000 0.000
0.975 0.025 1.000 0.000
0.901 0.099 1.000 0.000
0.998 0.002 1.000 0.000
0.981 0.019 1.000 0.000
0.986 0.014 1.000 0.000
0.718 0.282 1.000 0.000
0.999 0.001 1.000 0.000
0.999 0.001 1.000 0.000
0.998 0.002 1.000 0.000
0.996 0.004 1.000 0.000
1.000 0.000 1.000 0.000
0.993 0.007 1.000 0.000
0.988 0.012 1.000 0.000
0.793 0.207 1.000 0.000
0.998 0.002 1.000 0.000
0.947 0.053 1.000 0.000
0.997 0.003 1.000 0.000
0.983 0.017 1.000 0.000
0.989 0.011 1.000 0.000
0.957 0.043 1.000 0.000
0.966 0.034 0.000 1.000
0.991 0.009 1.000 0.000
0.967 0.033 1.000 0.000
0.993 0.007 1.000 0.000
0.998 0.002 1.000 0.000
1.000 0.000 1.000 0.000
0.813 0.187 1.000 0.000
1.000 0.000 1.000 0.000
0.974 0.026 1.000 0.000
0.925 0.075 1.000 0.000
0.988 0.012 1.000 0.000
0.927 0.073 1.000 0.000
0.886 0.114 1.000 0.000
1.000 0.000 1.000 0.000
0.939 0.061 1.000 0.000
0.830 0.170 1.000 0.000
0.918 0.082 1.000 0.000
0.997 0.003 1.000 0.000
0.966 0.034 1.000 0.000
0.784 0.216 1.000 0.000
0.882 0.118 1.000 0.000
0.995 0.005 1.000 0.000
0.862 0.138 1.000 0.000
0.999 0.001 1.000 0.000
0.995 0.005 1.000 0.000
0.985 0.015 1.000 0.000
0.998 0.002 1.000 0.000
0.975 0.025 1.000 0.000
0.846 0.154 1.000 0.000
0.998 0.002 1.000 0.000
0.787 0.213 1.000 0.000
0.978 0.022 1.000 0.000
0.991 0.009 1.000 0.000
0.846 0.154 1.000 0.000
0.997 0.003 1.000 0.000
0.983 0.017 1.000 0.000
0.999 0.001 1.000 0.000
0.959 0.041 1.000 0.000
0.999 0.001 1.000 0.000
0.993 0.007 1.000 0.000
0.961 0.039 1.000 0.000
0.986 0.014 1.000 0.000
0.839 0.161 1.000 0.000
0.995 0.005 1.000 0.000
0.998 0.002 1.000 0.000
0.898 0.102 1.000 0.000
0.997 0.003 1.000 0.000
0.991 0.009 1.000 0.000
1.000 0.000 1.000 0.000
0.882 0.118 1.000 0.000
0.896 0.104 1.000 0.000
0.977 0.023 1.000 0.000
1.000 0.000 1.000 0.000
0.940 0.060 1.000 0.000
0.996 0.004 1.000 0.000
0.994 0.006 1.000 0.000
0.935 0.065 1.000 0.000
0.999 0.001 1.000 0.000
0.986 0.014 1.000 0.000
0.992 0.008 1.000 0.000
0.634 0.366 1.000 0.000
0.804 0.196 1.000 0.000
0.952 0.048 1.000 0.000
0.992 0.008 1.000 0.000
0.921 0.079 1.000 0.000
0.833 0.167 1.000 0.000
0.748 0.252 1.000 0.000
0.731 0.269 1.000 0.000
0.994 0.006 1.000 0.000
0.933 0.067 1.000 0.000
0.993 0.007 1.000 0.000
0.970 0.030 1.000 0.000
0.976 0.024 1.000 0.000
0.972 0.028 1.000 0.000
0.998 0.002 1.000 0.000
0.973 0.027 1.000 0.000
0.936 0.064 1.000 0.000
0.795 0.205 1.000 0.000
0.750 0.250 1.000 0.000
0.982 0.018 1.000 0.000
0.767 0.233 1.000 0.000
0.974 0.026 1.000 0.000
0.872 0.128 1.000 0.000
0.996 0.004 1.000 0.000
0.923 0.077 1.000 0.000
1.000 0.000 1.000 0.000
0.941 0.059 1.000 0.000
0.978 0.022 1.000 0.000
0.999 0.001 1.000 0.000
0.960 0.040 1.000 0.000
0.997 0.003 1.000 0.000
0.888 0.112 1.000 0.000
0.991 0.009 1.000 0.000
0.987 0.013 1.000 0.000
0.045 0.955 1.000 0.000
0.947 0.053 1.000 0.000
0.977 0.023 1.000 0.000
1.000 0.000 1.000 0.000
0.943 0.057 1.000 0.000
0.982 0.018 1.000 0.000
0.988 0.012 1.000 0.000
0.997 0.003 1.000 0.000
0.886 0.114 1.000 0.000
0.828 0.172 1.000 0.000
0.994 0.006 1.000 0.000
0.970 0.030 1.000 0.000
0.846 0.154 1.000 0.000
0.994 0.006 1.000 0.000
0.999 0.001 1.000 0.000
0.996 0.004 1.000 0.000
0.988 0.012 1.000 0.000
0.947 0.053 1.000 0.000
0.448 0.552 1.000 0.000
0.938 0.062 1.000 0.000
0.965 0.035 1.000 0.000
0.997 0.003 1.000 0.000
1.000 0.000 1.000 0.000
0.993 0.007 1.000 0.000
0.995 0.005 1.000 0.000
0.907 0.093 1.000 0.000
0.952 0.048 1.000 0.000
0.894 0.106 1.000 0.000
0.947 0.053 1.000 0.000
0.991 0.009 1.000 0.000
0.788 0.212 1.000 0.000
1.000 0.000 1.000 0.000
1.000 0.000 1.000 0.000
0.941 0.059 1.000 0.000
0.983 0.017 1.000 0.000
0.999 0.001 1.000 0.000
0.974 0.026 1.000 0.000
0.898 0.102 1.000 0.000
0.893 0.107 1.000 0.000
0.849 0.151 1.000 0.000
0.978 0.022 1.000 0.000
0.995 0.005 1.000 0.000
0.939 0.061 1.000 0.000
0.983 0.017 1.000 0.000
0.999 0.001 1.000 0.000
0.895 0.105 1.000 0.000
0.958 0.042 1.000 0.000
1.000 0.000 1.000 0.000
0.999 0.001 1.000 0.000
0.997 0.003 1.000 0.000
0.996 0.004 1.000 0.000
0.999 0.001 1.000 0.000
0.946 0.054 1.000 0.000
0.997 0.003 1.000 0.000
0.963 0.037 1.000 0.000
0.835 0.165 1.000 0.000
1.000 0.000 1.000 0.000
0.897 0.103 1.000 0.000
0.999 0.001 1.000 0.000
0.988 0.012 1.000 0.000
0.992 0.008 1.000 0.000
0.998 0.002 1.000 0.000
0.998 0.002 1.000 0.000
0.615 0.385 1.000 0.000
0.986 0.014 1.000 0.000
0.956 0.044 1.000 0.000
1.000 0.000 1.000 0.000
0.958 0.042 1.000 0.000
0.988 0.012 1.000 0.000
0.742 0.258 1.000 0.000
0.993 0.007 1.000 0.000
0.728 0.272 1.000 0.000
0.959 0.041 1.000 0.000
0.989 0.011 1.000 0.000
0.940 0.060 1.000 0.000
0.989 0.011 1.000 0.000
0.929 0.071 1.000 0.000
1.000 0.000 1.000 0.000
0.997 0.003 1.000 0.000
0.982 0.018 1.000 0.000
0.987 0.013 1.000 0.000
0.974 0.026 1.000 0.000
0.922 0.078 1.000 0.000
0.996 0.004 1.000 0.000
0.982 0.018 1.000 0.000
0.976 0.024 1.000 0.000
0.990 0.010 1.000 0.000
0.790 0.210 1.000 0.000
0.773 0.227 1.000 0.000
0.999 0.001 1.000 0.000
0.797 0.203 1.000 0.000
0.955 0.045 1.000 0.000
1.000 0.000 1.000 0.000
0.936 0.064 1.000 0.000
0.982 0.018 1.000 0.000
0.986 0.014 1.000 0.000
0.997 0.003 1.000 0.000
0.962 0.038 1.000 0.000
0.967 0.033 1.000 0.000
0.999 0.001 1.000 0.000
0.982 0.018 1.000 0.000
0.915 0.085 1.000 0.000
0.921 0.079 1.000 0.000
0.998 0.002 1.000 0.000
0.979 0.021 1.000 0.000
0.994 0.006 1.000 0.000
0.994 0.006 1.000 0.000
0.965 0.035 1.000 0.000
0.682 0.318 1.000 0.000
0.987 0.013 1.000 0.000
0.925 0.075 1.000 0.000
0.994 0.006 1.000 0.000
0.957 0.043 1.000 0.000
0.994 0.006 1.000 0.000
0.987 0.013 1.000 0.000
0.939 0.061 1.000 0.000
0.993 0.007 1.000 0.000
0.996 0.004 1.000 0.000
0.978 0.022 1.000 0.000
0.930 0.070 1.000 0.000
0.994 0.006 1.000 0.000
0.985 0.015 1.000 0.000
0.600 0.400 1.000 0.000
0.997 0.003 1.000 0.000
0.980 0.020 1.000 0.000
0.741 0.259 1.000 0.000
0.774 0.226 1.000 0.000
0.929 0.071 1.000 0.000
0.995 0.005 1.000 0.000
0.997 0.003 1.000 0.000
0.994 0.006 1.000 0.000
0.956 0.044 1.000 0.000
0.982 0.018 1.000 0.000
0.999 0.001 1.000 0.000
0.996 0.004 1.000 0.000
0.978 0.022 1.000 0.000
0.991 0.009 1.000 0.000
0.990 0.010 1.000 0.000
0.686 0.314 1.000 0.000
0.999 0.001 1.000 0.000
0.993 0.007 1.000 0.000
0.822 0.178 1.000 0.000
0.942 0.058 1.000 0.000
0.961 0.039 1.000 0.000
0.989 0.011 1.000 0.000
0.994 0.006 1.000 0.000
0.985 0.015 1.000 0.000
0.977 0.023 1.000 0.000
0.988 0.012 1.000 0.000
0.996 0.004 1.000 0.000
0.948 0.052 1.000 0.000
0.943 0.057 1.000 0.000
0.966 0.034 1.000 0.000
0.894 0.106 1.000 0.000
0.990 0.010 1.000 0.000
0.997 0.003 1.000 0.000
1.000 0.000 1.000 0.000
0.996 0.004 1.000 0.000
0.999 0.001 1.000 0.000
0.996 0.004 1.000 0.000
0.998 0.002 1.000 0.000
0.854 0.146 1.000 0.000
0.978 0.022 1.000 0.000
0.982 0.018 1.000 0.000
0.996 0.004 1.000 0.000
1.000 0.000 1.000 0.000
0.998 0.002 1.000 0.000
0.997 0.003 1.000 0.000
0.999 0.001 1.000 0.000
0.968 0.032 1.000 0.000
0.988 0.012 1.000 0.000
0.962 0.038 1.000 0.000
0.949 0.051 1.000 0.000
0.999 0.001 1.000 0.000
0.915 0.085 1.000 0.000
0.969 0.031 1.000 0.000
0.980 0.020 1.000 0.000
0.967 0.033 1.000 0.000
0.948 0.052 1.000 0.000
0.816 0.184 1.000 0.000
1.000 0.000 1.000 0.000
1.000 0.000 1.000 0.000
0.842 0.158 1.000 0.000
0.943 0.057 1.000 0.000
0.931 0.069 1.000 0.000
1.000 0.000 1.000 0.000
0.998 0.002 1.000 0.000
1.000 0.000 1.000 0.000
0.998 0.002 1.000 0.000
0.846 0.154 1.000 0.000
0.995 0.005 1.000 0.000
0.902 0.098 1.000 0.000
0.985 0.015 1.000 0.000
0.993 0.007 1.000 0.000
0.999 0.001 1.000 0.000
0.999 0.001 1.000 0.000
0.799 0.201 1.000 0.000
0.995 0.005 1.000 0.000
0.979 0.021 1.000 0.000
0.876 0.124 1.000 0.000
0.999 0.001 1.000 0.000
1.000 0.000 1.000 0.000
0.996 0.004 1.000 0.000
0.997 0.003 1.000 0.000
0.953 0.047 1.000 0.000
0.947 0.053 1.000 0.000
0.958 0.042 1.000 0.000
0.998 0.002 1.000 0.000
0.999 0.001 1.000 0.000
0.999 0.001 1.000 0.000
0.730 0.270 1.000 0.000
0.947 0.053 1.000 0.000
1.000 0.000 1.000 0.000
1.000 0.000 1.000 0.000
0.991 0.009 1.000 0.000
0.983 0.017 1.000 0.000
0.999 0.001 1.000 0.000
0.980 0.020 1.000 0.000
0.973 0.027 1.000 0.000
0.987 0.013 1.000 0.000
0.996 0.004 1.000 0.000
0.771 0.229 1.000 0.000
0.884 0.116 1.000 0.000
0.973 0.027 1.000 0.000
0.998 0.002 1.000 0.000
0.844 0.156 1.000 0.000
0.936 0.064 1.000 0.000
0.955 0.045 1.000 0.000
0.999 0.001 1.000 0.000
0.908 0.092 1.000 0.000
0.966 0.034 1.000 0.000
0.959 0.041 1.000 0.000
0.994 0.006 1.000 0.000
0.976 0.024 1.000 0.000
0.976 0.024 1.000 0.000
1.000 0.000 1.000 0.000
0.991 0.009 1.000 0.000
0.599 0.401 1.000 0.000
0.988 0.012 1.000 0.000
0.998 0.002 1.000 0.000
0.775 0.225 1.000 0.000
0.988 0.012 1.000 0.000
0.994 0.006 1.000 0.000
1.000 0.000 1.000 0.000
0.928 0.072 1.000 0.000
0.808 0.192 1.000 0.000
0.972 0.028 1.000 0.000
1.000 0.000 1.000 0.000
0.791 0.209 1.000 0.000
0.761 0.239 1.000 0.000
0.991 0.009 1.000 0.000
0.815 0.185 1.000 0.000
0.998 0.002 1.000 0.000
0.936 0.064 1.000 0.000
0.925 0.075 1.000 0.000
0.975 0.025 1.000 0.000
0.998 0.002 1.000 0.000
0.985 0.015 1.000 0.000
0.927 0.073 1.000 0.000
0.968 0.032 1.000 0.000
0.825 0.175 1.000 0.000
0.959 0.041 1.000 0.000
0.994 0.006 1.000 0.000
0.996 0.004 1.000 0.000
0.970 0.030 1.000 0.000
1.000 0.000 1.000 0.000
0.996 0.004 1.000 0.000
0.998 0.002 1.000 0.000
0.952 0.048 1.000 0.000
0.923 0.077 1.000 0.000
0.912 0.088 1.000 0.000
0.858 0.142 1.000 0.000
0.983 0.017 1.000 0.000
1.000 0.000 1.000 0.000
0.916 0.084 1.000 0.000
0.985 0.015 1.000 0.000
0.198 0.802 1.000 0.000
0.938 0.062 1.000 0.000
0.988 0.012 1.000 0.000
0.960 0.040 1.000 0.000
0.978 0.022 1.000 0.000
0.865 0.135 1.000 0.000
0.943 0.057 1.000 0.000
0.978 0.022 1.000 0.000
0.993 0.007 1.000 0.000
0.999 0.001 1.000 0.000
0.985 0.015 1.000 0.000
0.986 0.014 1.000 0.000
0.856 0.144 1.000 0.000
0.995 0.005 1.000 0.000
1.000 0.000 1.000 0.000
0.879 0.121 1.000 0.000
0.944 0.056 1.000 0.000
0.798 0.202 1.000 0.000
0.959 0.041 1.000 0.000
0.919 0.081 1.000 0.000
0.998 0.002 1.000 0.000
0.995 0.005 1.000 0.000
1.000 0.000 1.000 0.000
0.999 0.001 1.000 0.000
0.998 0.002 1.000 0.000
0.985 0.015 1.000 0.000
0.792 0.208 1.000 0.000
0.970 0.030 1.000 0.000
0.927 0.073 1.000 0.000
0.976 0.024 1.000 0.000
0.948 0.052 1.000 0.000
0.969 0.031 1.000 0.000
0.999 0.001 1.000 0.000
0.994 0.006 1.000 0.000
0.992 0.008 1.000 0.000
0.876 0.124 1.000 0.000
0.983 0.017 1.000 0.000
0.958 0.042 1.000 0.000
1.000 0.000 1.000 0.000
0.961 0.039 1.000 0.000
0.970 0.030 1.000 0.000
0.990 0.010 1.000 0.000
0.960 0.040 1.000 0.000
0.998 0.002 1.000 0.000
0.972 0.028 1.000 0.000
0.988 0.012 1.000 0.000
0.960 0.040 1.000 0.000
0.875 0.125 1.000 0.000
0.880 0.120 1.000 0.000
0.992 0.008 1.000 0.000
0.992 0.008 1.000 0.000
0.917 0.083 1.000 0.000
0.785 0.215 1.000 0.000
0.906 0.094 1.000 0.000
0.999 0.001 1.000 0.000
0.952 0.048 1.000 0.000
0.980 0.020 1.000 0.000
0.969 0.031 1.000 0.000
0.851 0.149 1.000 0.000
0.606 0.394 1.000 0.000
0.886 0.114 1.000 0.000
0.907 0.093 1.000 0.000
0.862 0.138 1.000 0.000
0.993 0.007 1.000 0.000
0.992 0.008 1.000 0.000
0.996 0.004 1.000 0.000
0.971 0.029 1.000 0.000
0.704 0.296 1.000 0.000
0.962 0.038 1.000 0.000
0.997 0.003 1.000 0.000
0.983 0.017 1.000 0.000
0.893 0.107 1.000 0.000
0.985 0.015 1.000 0.000
0.997 0.003 1.000 0.000
0.985 0.015 1.000 0.000
0.996 0.004 1.000 0.000
0.945 0.055 1.000 0.000
0.997 0.003 1.000 0.000
0.991 0.009 1.000 0.000
0.770 0.230 1.000 0.000
0.996 0.004 1.000 0.000
0.998 0.002 1.000 0.000
0.974 0.026 1.000 0.000
1.000 0.000 1.000 0.000
0.980 0.020 1.000 0.000
0.997 0.003 1.000 0.000
0.901 0.099 1.000 0.000
0.997 0.003 1.000 0.000
0.996 0.004 1.000 0.000
0.988 0.012 1.000 0.000
0.990 0.010 1.000 0.000
0.999 0.001 1.000 0.000
0.939 0.061 1.000 0.000
0.996 0.004 1.000 0.000
0.919 0.081 1.000 0.000
0.972 0.028 1.000 0.000
0.980 0.020 1.000 0.000
0.789 0.211 1.000 0.000
0.994 0.006 1.000 0.000
0.905 0.095 1.000 0.000
0.987 0.013 1.000 0.000
0.960 0.040 1.000 0.000
0.992 0.008 1.000 0.000
0.992 0.008 1.000 0.000
0.991 0.009 1.000 0.000
0.988 0.012 1.000 0.000
0.980 0.020 1.000 0.000
0.963 0.037 1.000 0.000
0.986 0.014 1.000 0.000
0.980 0.020 1.000 0.000
0.852 0.148 1.000 0.000
0.987 0.013 1.000 0.000
0.990 0.010 1.000 0.000
0.999 0.001 1.000 0.000
0.999 0.001 1.000 0.000
0.989 0.011 1.000 0.000
0.995 0.005 1.000 0.000
0.992 0.008 1.000 0.000
0.978 0.022 1.000 0.000
0.999 0.001 1.000 0.000
0.991 0.009 1.000 0.000
0.996 0.004 1.000 0.000
0.802 0.198 1.000 0.000
0.948 0.052 1.000 0.000
0.950 0.050 1.000 0.000
0.670 0.330 1.000 0.000
0.998 0.002 1.000 0.000
0.941 0.059 1.000 0.000
0.935 0.065 1.000 0.000
0.977 0.023 1.000 0.000
0.965 0.035 1.000 0.000
0.933 0.067 1.000 0.000
0.993 0.007 1.000 0.000
0.996 0.004 1.000 0.000
0.765 0.235 1.000 0.000
0.970 0.030 1.000 0.000
0.805 0.195 1.000 0.000
0.997 0.003 1.000 0.000
0.993 0.007 1.000 0.000
0.953 0.047 1.000 0.000
0.893 0.107 1.000 0.000
0.986 0.014 1.000 0.000
0.999 0.001 1.000 0.000
0.853 0.147 1.000 0.000
0.997 0.003 1.000 0.000
0.827 0.173 1.000 0.000
0.996 0.004 1.000 0.000
0.990 0.010 1.000 0.000
0.957 0.043 1.000 0.000
1.000 0.000 1.000 0.000
1.000 0.000 1.000 0.000
0.971 0.029 1.000 0.000
0.999 0.001 1.000 0.000
0.864 0.136 1.000 0.000
0.959 0.041 1.000 0.000
0.948 0.052 1.000 0.000
0.373 0.627 1.000 0.000
0.998 0.002 1.000 0.000
0.988 0.012 1.000 0.000
0.941 0.059 1.000 0.000
0.942 0.058 1.000 0.000
0.944 0.056 1.000 0.000
0.990 0.010 1.000 0.000
0.996 0.004 1.000 0.000
0.754 0.246 1.000 0.000
0.976 0.024 1.000 0.000
0.729 0.271 1.000 0.000
0.827 0.173 1.000 0.000
0.978 0.022 1.000 0.000
0.870 0.130 1.000 0.000
0.865 0.135 1.000 0.000
0.990 0.010 1.000 0.000
1.000 0.000 1.000 0.000
0.991 0.009 1.000 0.000
0.775 0.225 1.000 0.000
0.937 0.063 1.000 0.000
0.841 0.159 1.000 0.000
1.000 0.000 1.000 0.000
0.780 0.220 1.000 0.000
0.993 0.007 1.000 0.000
0.991 0.009 1.000 0.000
0.977 0.023 1.000 0.000
0.993 0.007 1.000 0.000
0.993 0.007 1.000 0.000
0.999 0.001 1.000 0.000
0.988 0.012 1.000 0.000
0.955 0.045 1.000 0.000
0.998 0.002 1.000 0.000
0.995 0.005 1.000 0.000
0.990 0.010 1.000 0.000
0.992 0.008 1.000 0.000
0.960 0.040 1.000 0.000
1.000 0.000 1.000 0.000
0.960 0.040 1.000 0.000
0.964 0.036 1.000 0.000
0.649 0.351 1.000 0.000
0.947 0.053 1.000 0.000
0.838 0.162 1.000 0.000
0.969 0.031 1.000 0.000
0.815 0.185 1.000 0.000
0.965 0.035 1.000 0.000
0.992 0.008 1.000 0.000
0.985 0.015 1.000 0.000
0.998 0.002 1.000 0.000
0.981 0.019 1.000 0.000
0.937 0.063 1.000 0.000
0.984 0.016 1.000 0.000
0.975 0.025 1.000 0.000
0.996 0.004 1.000 0.000
0.979 0.021 1.000 0.000
0.999 0.001 1.000 0.000
0.958 0.042 1.000 0.000
0.977 0.023 1.000 0.000
1.000 0.000 1.000 0.000
0.914 0.086 1.000 0.000
0.974 0.026 1.000 0.000
0.965 0.035 1.000 0.000
0.910 0.090 1.000 0.000
0.963 0.037 1.000 0.000
0.976 0.024 1.000 0.000
0.961 0.039 1.000 0.000
0.983 0.017 1.000 0.000
0.895 0.105 1.000 0.000
0.724 0.276 1.000 0.000
0.970 0.030 1.000 0.000
0.975 0.025 1.000 0.000
0.967 0.033 1.000 0.000
0.978 0.022 1.000 0.000
0.988 0.012 1.000 0.000
0.951 0.049 1.000 0.000
0.996 0.004 1.000 0.000
0.845 0.155 1.000 0.000
0.981 0.019 1.000 0.000
0.891 0.109 1.000 0.000
0.680 0.320 1.000 0.000
0.836 0.164 1.000 0.000
0.630 0.370 1.000 0.000
0.946 0.054 1.000 0.000
0.998 0.002 1.000 0.000
0.848 0.152 1.000 0.000
0.857 0.143 1.000 0.000
0.996 0.004 1.000 0.000
0.999 0.001 1.000 0.000
0.877 0.123 1.000 0.000
1.000 0.000 1.000 0.000
0.957 0.043 1.000 0.000
0.812 0.188 1.000 0.000
0.978 0.022 1.000 0.000
0.995 0.005 1.000 0.000
0.702 0.298 1.000 0.000
0.598 0.402 1.000 0.000
0.875 0.125 1.000 0.000
0.921 0.079 1.000 0.000
0.927 0.073 1.000 0.000
0.959 0.041 1.000 0.000
0.892 0.108 1.000 0.000
0.979 0.021 1.000 0.000
0.966 0.034 1.000 0.000
0.980 0.020 1.000 0.000
0.926 0.074 1.000 0.000
0.995 0.005 1.000 0.000
0.651 0.349 1.000 0.000
0.999 0.001 1.000 0.000
0.999 0.001 1.000 0.000
0.999 0.001 1.000 0.000
0.816 0.184 1.000 0.000
0.985 0.015 1.000 0.000
0.880 0.120 1.000 0.000
0.805 0.195 1.000 0.000
0.993 0.007 1.000 0.000
0.976 0.024 1.000 0.000
0.989 0.011 1.000 0.000
0.955 0.045 1.000 0.000
0.995 0.005 1.000 0.000
0.825 0.175 1.000 0.000
0.971 0.029 1.000 0.000
0.993 0.007 1.000 0.000
0.985 0.015 1.000 0.000
0.180 0.820 1.000 0.000
0.997 0.003 1.000 0.000
0.987 0.013 1.000 0.000
0.958 0.042 1.000 0.000
0.996 0.004 1.000 0.000
0.964 0.036 1.000 0.000
0.922 0.078 1.000 0.000
0.994 0.006 1.000 0.000
0.998 0.002 1.000 0.000
0.988 0.012 1.000 0.000
0.997 0.003 1.000 0.000
0.940 0.060 1.000 0.000
0.951 0.049 1.000 0.000
0.804 0.196 1.000 0.000
0.970 0.030 1.000 0.000
0.980 0.020 1.000 0.000
0.998 0.002 1.000 0.000
1.000 0.000 1.000 0.000
0.983 0.017 1.000 0.000
0.994 0.006 1.000 0.000
0.817 0.183 1.000 0.000
0.953 0.047 1.000 0.000
0.994 0.006 1.000 0.000
0.993 0.007 1.000 0.000
0.995 0.005 1.000 0.000
0.965 0.035 1.000 0.000
0.995 0.005 1.000 0.000
0.995 0.005 1.000 0.000
0.995 0.005 1.000 0.000
0.998 0.002 1.000 0.000
0.989 0.011 1.000 0.000
0.996 0.004 1.000 0.000
0.758 0.242 1.000 0.000
0.996 0.004 1.000 0.000
1.000 0.000 1.000 0.000
0.701 0.299 1.000 0.000
0.897 0.103 1.000 0.000
0.966 0.034 1.000 0.000
0.994 0.006 1.000 0.000
0.994 0.006 1.000 0.000
1.000 0.000 1.000 0.000
0.990 0.010 1.000 0.000
0.878 0.122 1.000 0.000
0.989 0.011 1.000 0.000
0.966 0.034 1.000 0.000
0.766 0.234 1.000 0.000
0.665 0.335 1.000 0.000
0.749 0.251 1.000 0.000
0.953 0.047 1.000 0.000
0.941 0.059 1.000 0.000
0.994 0.006 1.000 0.000
0.934 0.066 1.000 0.000
0.885 0.115 1.000 0.000
0.969 0.031 1.000 0.000
0.992 0.008 1.000 0.000
0.985 0.015 1.000 0.000
0.671 0.329 1.000 0.000
0.978 0.022 1.000 0.000
0.921 0.079 1.000 0.000
0.970 0.030 1.000 0.000
0.908 0.092 1.000 0.000
0.980 0.020 1.000 0.000
0.987 0.013 1.000 0.000
0.955 0.045 1.000 0.000
1.000 0.000 1.000 0.000
0.980 0.020 1.000 0.000
0.854 0.146 1.000 0.000
0.934 0.066 1.000 0.000
0.993 0.007 1.000 0.000
0.970 0.030 1.000 0.000
0.869 0.131 1.000 0.000
0.921 0.079 1.000 0.000
0.993 0.007 1.000 0.000
0.985 0.015 1.000 0.000
0.999 0.001 1.000 0.000
0.970 0.030 1.000 0.000
1.000 0.000 1.000 0.000
0.998 0.002 1.000 0.000
0.997 0.003 1.000 0.000
0.993 0.007 1.000 0.000
0.955 0.045 1.000 0.000
0.996 0.004 1.000 0.000
0.979 0.021 1.000 0.000
0.993 0.007 1.000 0.000
0.908 0.092 1.000 0.000
0.976 0.024 1.000 0.000
0.796 0.204 1.000 0.000
0.905 0.095 1.000 0.000
0.995 0.005 1.000 0.000
0.982 0.018 1.000 0.000
0.830 0.170 1.000 0.000
0.913 0.087 1.000 0.000
0.955 0.045 1.000 0.000
0.952 0.048 1.000 0.000
0.999 0.001 1.000 0.000
0.958 0.042 1.000 0.000
0.892 0.108 1.000 0.000
0.998 0.002 1.000 0.000
0.958 0.042 1.000 0.000
0.925 0.075 1.000 0.000
0.974 0.026 1.000 0.000
0.958 0.042 1.000 0.000
0.999 0.001 1.000 0.000
0.986 0.014 1.000 0.000
0.970 0.030 1.000 0.000
0.965 0.035 1.000 0.000
0.901 0.099 1.000 0.000
0.992 0.008 1.000 0.000
0.989 0.011 1.000 0.000
0.675 0.325 1.000 0.000
0.879 0.121 1.000 0.000
0.968 0.032 1.000 0.000
0.978 0.022 1.000 0.000
0.997 0.003 1.000 0.000
0.831 0.169 1.000 0.000
0.887 0.113 1.000 0.000
0.893 0.107 1.000 0.000
0.983 0.017 1.000 0.000
0.878 0.122 1.000 0.000
0.985 0.015 1.000 0.000
0.838 0.162 1.000 0.000
0.999 0.001 1.000 0.000
0.997 0.003 1.000 0.000
0.985 0.015 1.000 0.000
0.968 0.032 1.000 0.000
0.832 0.168 1.000 0.000
0.961 0.039 1.000 0.000
0.961 0.039 1.000 0.000
0.993 0.007 1.000 0.000
0.948 0.052 1.000 0.000
0.931 0.069 1.000 0.000
0.990 0.010 1.000 0.000
0.982 0.018 1.000 0.000
0.994 0.006 1.000 0.000
0.992 0.008 1.000 0.000
0.986 0.014 1.000 0.000
0.985 0.015 1.000 0.000
0.990 0.010 1.000 0.000
0.997 0.003 1.000 0.000
0.966 0.034 1.000 0.000
1.000 0.000 1.000 0.000
0.903 0.097 1.000 0.000
0.861 0.139 1.000 0.000
0.933 0.067 1.000 0.000
0.988 0.012 1.000 0.000
0.979 0.021 1.000 0.000
0.982 0.018 1.000 0.000
0.984 0.016 1.000 0.000
0.992 0.008 1.000 0.000
0.959 0.041 1.000 0.000
0.957 0.043 1.000 0.000
0.998 0.002 1.000 0.000
0.998 0.002 1.000 0.000
0.989 0.011 1.000 0.000
0.970 0.030 1.000 0.000
0.983 0.017 1.000 0.000
0.992 0.008 1.000 0.000
0.849 0.151 1.000 0.000
0.984 0.016 1.000 0.000
0.961 0.039 1.000 0.000
0.948 0.052 1.000 0.000
0.997 0.003 1.000 0.000
0.974 0.026 1.000 0.000
0.930 0.070 1.000 0.000
0.949 0.051 1.000 0.000
0.801 0.199 1.000 0.000
0.993 0.007 1.000 0.000
0.996 0.004 1.000 0.000
0.943 0.057 1.000 0.000
0.980 0.020 1.000 0.000
0.957 0.043 1.000 0.000
0.847 0.153 1.000 0.000
0.987 0.013 1.000 0.000
0.853 0.147 1.000 0.000
0.998 0.002 1.000 0.000
0.795 0.205 1.000 0.000
0.999 0.001 1.000 0.000
0.862 0.138 1.000 0.000
0.999 0.001 1.000 0.000
0.698 0.302 1.000 0.000
0.995 0.005 1.000 0.000
0.998 0.002 1.000 0.000
1.000 0.000 1.000 0.000
0.995 0.005 1.000 0.000
0.969 0.031 1.000 0.000
0.732 0.268 1.000 0.000
0.999 0.001 1.000 0.000
0.996 0.004 1.000 0.000
1.000 0.000 1.000 0.000
0.994 0.006 1.000 0.000
0.999 0.001 1.000 0.000
0.988 0.012 1.000 0.000
0.860 0.140 1.000 0.000
0.997 0.003 1.000 0.000
0.968 0.032 1.000 0.000
0.993 0.007 1.000 0.000
0.996 0.004 1.000 0.000
0.855 0.145 1.000 0.000
0.996 0.004 1.000 0.000
0.911 0.089 1.000 0.000
0.935 0.065 1.000 0.000
0.799 0.201 1.000 0.000
0.921 0.079 1.000 0.000
0.846 0.154 1.000 0.000
0.823 0.177 1.000 0.000
0.895 0.105 1.000 0.000
0.998 0.002 1.000 0.000
0.915 0.085 1.000 0.000
0.941 0.059 1.000 0.000
0.821 0.179 1.000 0.000
0.989 0.011 1.000 0.000
0.711 0.289 1.000 0.000
0.966 0.034 1.000 0.000
0.840 0.160 1.000 0.000
0.680 0.320 1.000 0.000
0.874 0.126 1.000 0.000
0.944 0.056 1.000 0.000
0.991 0.009 1.000 0.000
0.992 0.008 1.000 0.000
0.948 0.052 1.000 0.000
0.904 0.096 1.000 0.000
0.997 0.003 1.000 0.000
0.999 0.001 1.000 0.000
0.999 0.001 1.000 0.000
0.989 0.011 1.000 0.000
0.991 0.009 1.000 0.000
0.981 0.019 1.000 0.000
0.981 0.019 1.000 0.000
0.980 0.020 1.000 0.000
0.945 0.055 1.000 0.000
0.978 0.022 1.000 0.000
0.969 0.031 1.000 0.000
0.666 0.334 1.000 0.000
0.892 0.108 1.000 0.000
0.919 0.081 1.000 0.000
0.982 0.018 1.000 0.000
0.999 0.001 1.000 0.000
0.950 0.050 1.000 0.000
0.992 0.008 1.000 0.000
0.875 0.125 1.000 0.000
0.997 0.003 1.000 0.000
0.922 0.078 1.000 0.000
0.991 0.009 1.000 0.000
0.959 0.041 1.000 0.000
0.993 0.007 1.000 0.000
0.994 0.006 1.000 0.000
0.799 0.201 1.000 0.000
0.834 0.166 1.000 0.000
0.929 0.071 1.000 0.000
0.996 0.004 1.000 0.000
0.839 0.161 1.000 0.000
0.985 0.015 1.000 0.000
0.975 0.025 1.000 0.000
0.983 0.017 1.000 0.000
1.000 0.000 1.000 0.000
0.758 0.242 1.000 0.000
1.000 0.000 1.000 0.000
0.913 0.087 1.000 0.000
0.996 0.004 1.000 0.000
0.920 0.080 1.000 0.000
0.999 0.001 1.000 0.000
1.000 0.000 1.000 0.000
0.988 0.012 1.000 0.000
0.928 0.072 1.000 0.000
0.964 0.036 1.000 0.000
0.922 0.078 1.000 0.000
0.998 0.002 1.000 0.000
0.937 0.063 1.000 0.000
1.000 0.000 1.000 0.000
0.937 0.063 1.000 0.000
1.000 0.000 1.000 0.000
0.972 0.028 1.000 0.000
0.805 0.195 1.000 0.000
0.991 0.009 1.000 0.000
0.995 0.005 1.000 0.000
0.937 0.063 1.000 0.000
0.647 0.353 1.000 0.000
0.798 0.202 1.000 0.000
0.868 0.132 1.000 0.000
0.984 0.016 1.000 0.000
0.902 0.098 1.000 0.000
0.990 0.010 1.000 0.000
0.783 0.217 1.000 0.000
0.847 0.153 1.000 0.000
0.987 0.013 1.000 0.000
0.927 0.073 1.000 0.000
0.937 0.063 1.000 0.000
0.991 0.009 1.000 0.000
0.988 0.012 1.000 0.000
0.998 0.002 1.000 0.000
0.991 0.009 1.000 0.000
0.928 0.072 1.000 0.000
0.868 0.132 1.000 0.000
0.700 0.300 1.000 0.000
0.989 0.011 1.000 0.000
0.998 0.002 1.000 0.000
0.760 0.240 1.000 0.000
0.898 0.102 1.000 0.000
0.936 0.064 1.000 0.000
0.027 0.973 1.000 0.000
0.971 0.029 1.000 0.000
0.830 0.170 1.000 0.000
1.000 0.000 1.000 0.000
0.638 0.362 1.000 0.000
0.936 0.064 1.000 0.000
0.998 0.002 1.000 0.000
0.992 0.008 1.000 0.000
0.972 0.028 1.000 0.000
0.990 0.010 1.000 0.000
0.925 0.075 1.000 0.000
0.914 0.086 1.000 0.000
0.997 0.003 1.000 0.000
0.940 0.060 1.000 0.000
0.998 0.002 1.000 0.000
0.999 0.001 1.000 0.000
0.990 0.010 1.000 0.000
0.939 0.061 1.000 0.000
0.713 0.287 1.000 0.000
0.861 0.139 1.000 0.000
0.981 0.019 1.000 0.000
0.874 0.126 1.000 0.000
0.950 0.050 1.000 0.000
0.988 0.012 1.000 0.000
0.968 0.032 1.000 0.000
0.837 0.163 1.000 0.000
0.965 0.035 1.000 0.000
0.992 0.008 1.000 0.000
0.904 0.096 1.000 0.000
0.910 0.090 1.000 0.000
0.858 0.142 1.000 0.000
0.932 0.068 1.000 0.000
0.996 0.004 1.000 0.000
0.989 0.011 1.000 0.000
0.968 0.032 1.000 0.000
0.990 0.010 1.000 0.000
0.956 0.044 1.000 0.000
0.991 0.009 1.000 0.000
0.814 0.186 1.000 0.000
1.000 0.000 1.000 0.000
0.999 0.001 1.000 0.000
0.626 0.374 1.000 0.000
0.994 0.006 1.000 0.000
0.970 0.030 1.000 0.000
0.678 0.322 1.000 0.000
0.996 0.004 1.000 0.000
0.864 0.136 1.000 0.000
0.999 0.001 1.000 0.000
0.927 0.073 1.000 0.000
0.936 0.064 1.000 0.000
0.906 0.094 1.000 0.000
0.806 0.194 1.000 0.000
0.984 0.016 1.000 0.000
0.995 0.005 1.000 0.000
0.994 0.006 1.000 0.000
0.989 0.011 1.000 0.000
0.958 0.042 1.000 0.000
0.991 0.009 1.000 0.000
0.819 0.181 1.000 0.000
0.998 0.002 1.000 0.000
0.838 0.162 1.000 0.000
0.997 0.003 1.000 0.000
0.982 0.018 1.000 0.000
0.977 0.023 1.000 0.000
0.987 0.013 1.000 0.000
0.982 0.018 1.000 0.000
0.986 0.014 1.000 0.000
1.000 0.000 1.000 0.000
0.981 0.019 1.000 0.000
0.924 0.076 1.000 0.000
0.995 0.005 1.000 0.000
0.995 0.005 1.000 0.000
0.983 0.017 1.000 0.000
0.999 0.001 1.000 0.000
0.995 0.005 1.000 0.000
0.979 0.021 1.000 0.000
0.994 0.006 1.000 0.000
0.962 0.038 1.000 0.000
0.768 0.232 1.000 0.000
0.999 0.001 1.000 0.000
0.889 0.111 1.000 0.000
0.998 0.002 1.000 0.000
0.921 0.079 1.000 0.000
0.967 0.033 1.000 0.000
0.941 0.059 1.000 0.000
0.847 0.153 1.000 0.000
0.677 0.323 1.000 0.000
0.872 0.128 1.000 0.000
0.967 0.033 1.000 0.000
0.904 0.096 1.000 0.000
0.927 0.073 1.000 0.000
1.000 0.000 1.000 0.000
0.999 0.001 1.000 0.000
1.000 0.000 1.000 0.000
0.577 0.423 1.000 0.000
0.997 0.003 1.000 0.000
0.996 0.004 1.000 0.000
0.925 0.075 1.000 0.000
0.993 0.007 1.000 0.000
0.958 0.042 1.000 0.000
0.983 0.017 1.000 0.000
0.988 0.012 1.000 0.000
0.953 0.047 1.000 0.000
0.994 0.006 1.000 0.000
1.000 0.000 1.000 0.000
0.893 0.107 1.000 0.000
0.746 0.254 1.000 0.000
0.819 0.181 1.000 0.000
1.000 0.000 1.000 0.000
0.959 0.041 1.000 0.000
0.915 0.085 1.000 0.000
0.906 0.094 1.000 0.000
0.962 0.038 1.000 0.000
0.963 0.037 1.000 0.000
0.995 0.005 1.000 0.000
0.953 0.047 1.000 0.000
0.888 0.112 1.000 0.000
0.999 0.001 1.000 0.000
1.000 0.000 1.000 0.000
0.999 0.001 1.000 0.000
0.503 0.497 1.000 0.000
0.950 0.050 1.000 0.000
0.985 0.015 1.000 0.000
0.920 0.080 1.000 0.000
1.000 0.000 1.000 0.000
1.000 0.000 1.000 0.000
0.991 0.009 1.000 0.000
0.770 0.230 1.000 0.000
0.998 0.002 1.000 0.000
0.753 0.247 1.000 0.000
0.989 0.011 1.000 0.000
0.990 0.010 1.000 0.000
1.000 0.000 1.000 0.000
0.931 0.069 1.000 0.000
0.933 0.067 1.000 0.000
0.999 0.001 1.000 0.000
1.000 0.000 1.000 0.000
1.000 0.000 1.000 0.000
0.915 0.085 1.000 0.000
1.000 0.000 1.000 0.000
0.998 0.002 1.000 0.000
0.998 0.002 1.000 0.000
0.920 0.080 1.000 0.000
0.703 0.297 1.000 0.000
0.983 0.017 1.000 0.000
0.999 0.001 1.000 0.000
0.960 0.040 1.000 0.000
0.953 0.047 1.000 0.000
0.857 0.143 1.000 0.000
0.999 0.001 1.000 0.000
0.999 0.001 1.000 0.000
0.995 0.005 1.000 0.000
1.000 0.000 1.000 0.000
0.966 0.034 1.000 0.000
0.993 0.007 1.000 0.000
0.891 0.109 1.000 0.000
0.775 0.225 1.000 0.000
0.971 0.029 1.000 0.000
0.988 0.012 1.000 0.000
0.870 0.130 1.000 0.000
0.995 0.005 1.000 0.000
0.650 0.350 1.000 0.000
0.929 0.071 1.000 0.000
0.833 0.167 1.000 0.000
0.962 0.038 1.000 0.000
0.802 0.198 1.000 0.000
0.836 0.164 1.000 0.000
0.989 0.011 1.000 0.000
0.765 0.235 1.000 0.000
0.804 0.196 1.000 0.000
0.931 0.069 1.000 0.000
0.872 0.128 1.000 0.000
0.998 0.002 1.000 0.000
0.936 0.064 1.000 0.000
0.969 0.031 1.000 0.000
0.686 0.314 1.000 0.000
0.714 0.286 1.000 0.000
0.963 0.037 0.000 1.000
0.917 0.083 0.000 1.000
0.973 0.027 0.000 1.000
0.710 0.290 0.000 1.000
0.994 0.006 0.000 1.000
0.848 0.152 0.000 1.000
0.949 0.051 0.000 1.000
0.667 0.333 0.000 1.000
0.998 0.002 0.000 1.000
0.992 0.008 0.000 1.000
0.927 0.073 0.000 1.000
0.937 0.063 0.000 1.000
0.966 0.034 0.000 1.000
0.900 0.100 1.000 0.000
0.841 0.159 1.000 0.000
0.958 0.042 1.000 0.000
0.991 0.009 1.000 0.000
0.995 0.005 1.000 0.000
0.944 0.056 1.000 0.000
0.994 0.006 1.000 0.000
0.981 0.019 1.000 0.000
0.971 0.029 1.000 0.000
0.994 0.006 1.000 0.000
0.953 0.047 1.000 0.000
0.989 0.011 1.000 0.000
0.999 0.001 1.000 0.000
1.000 0.000 1.000 0.000
0.998 0.002 1.000 0.000
0.923 0.077 1.000 0.000
0.891 0.109 1.000 0.000
0.975 0.025 1.000 0.000
0.992 0.008 1.000 0.000
0.976 0.024 1.000 0.000
0.975 0.025 1.000 0.000
0.888 0.112 1.000 0.000
0.988 0.012 1.000 0.000
0.989 0.011 1.000 0.000
0.900 0.100 1.000 0.000
1.000 0.000 1.000 0.000
0.998 0.002 1.000 0.000
0.742 0.258 1.000 0.000
0.883 0.117 1.000 0.000
0.899 0.101 1.000 0.000
0.997 0.003 1.000 0.000
0.985 0.015 1.000 0.000
0.998 0.002 1.000 0.000
0.999 0.001 1.000 0.000
0.973 0.027 1.000 0.000
0.979 0.021 1.000 0.000
0.943 0.057 1.000 0.000
0.934 0.066 1.000 0.000
0.976 0.024 1.000 0.000
0.864 0.136 1.000 0.000
0.945 0.055 1.000 0.000
0.971 0.029 1.000 0.000
0.811 0.189 1.000 0.000
0.974 0.026 1.000 0.000
0.993 0.007 1.000 0.000
0.995 0.005 1.000 0.000
0.995 0.005 1.000 0.000
0.963 0.037 1.000 0.000
0.955 0.045 1.000 0.000
0.991 0.009 1.000 0.000
0.820 0.180 1.000 0.000
0.986 0.014 1.000 0.000
0.996 0.004 1.000 0.000
0.951 0.049 1.000 0.000
0.939 0.061 1.000 0.000
0.713 0.287 1.000 0.000
0.982 0.018 1.000 0.000
0.999 0.001 1.000 0.000
0.957 0.043 1.000 0.000
0.998 0.002 1.000 0.000
0.992 0.008 1.000 0.000
0.985 0.015 1.000 0.000
0.996 0.004 1.000 0.000
0.896 0.104 1.000 0.000
1.000 0.000 1.000 0.000
0.995 0.005 1.000 0.000
0.978 0.022 1.000 0.000
0.860 0.140 1.000 0.000
0.946 0.054 1.000 0.000
0.875 0.125 1.000 0.000
0.996 0.004 1.000 0.000
0.999 0.001 1.000 0.000
0.996 0.004 1.000 0.000
0.998 0.002 1.000 0.000
0.982 0.018 1.000 0.000
0.984 0.016 1.000 0.000
0.975 0.025 1.000 0.000
0.992 0.008 1.000 0.000
0.999 0.001 1.000 0.000
0.993 0.007 1.000 0.000
0.994 0.006 1.000 0.000
0.997 0.003 1.000 0.000
0.936 0.064 1.000 0.000
0.955 0.045 1.000 0.000
0.836 0.164 1.000 0.000
0.859 0.141 1.000 0.000
1.000 0.000 1.000 0.000
0.918 0.082 1.000 0.000
0.995 0.005 1.000 0.000
0.987 0.013 1.000 0.000
0.994 0.006 1.000 0.000
0.973 0.027 1.000 0.000
0.956 0.044 1.000 0.000
0.970 0.030 1.000 0.000
0.999 0.001 1.000 0.000
0.980 0.020 1.000 0.000
0.993 0.007 1.000 0.000
0.986 0.014 1.000 0.000
0.988 0.012 1.000 0.000
0.946 0.054 1.000 0.000
0.911 0.089 1.000 0.000
0.887 0.113 1.000 0.000
0.982 0.018 1.000 0.000
0.999 0.001 1.000 0.000
0.994 0.006 1.000 0.000
0.787 0.213 1.000 0.000
0.944 0.056 1.000 0.000
0.996 0.004 1.000 0.000
0.877 0.123 1.000 0.000
0.998 0.002 1.000 0.000
0.959 0.041 1.000 0.000
0.990 0.010 1.000 0.000
0.908 0.092 1.000 0.000
0.978 0.022 1.000 0.000
0.999 0.001 1.000 0.000
0.894 0.106 1.000 0.000
0.903 0.097 1.000 0.000
0.997 0.003 1.000 0.000
0.974 0.026 1.000 0.000
0.992 0.008 1.000 0.000
0.998 0.002 1.000 0.000
0.986 0.014 1.000 0.000
0.851 0.149 1.000 0.000
0.986 0.014 1.000 0.000
0.994 0.006 1.000 0.000
0.812 0.188 1.000 0.000
0.911 0.089 1.000 0.000
0.768 0.232 1.000 0.000
0.985 0.015 1.000 0.000
0.925 0.075 1.000 0.000
0.945 0.055 1.000 0.000
0.985 0.015 1.000 0.000
0.978 0.022 1.000 0.000
0.828 0.172 1.000 0.000
0.934 0.066 1.000 0.000
0.981 0.019 1.000 0.000
0.893 0.107 1.000 0.000
0.851 0.149 1.000 0.000
0.987 0.013 1.000 0.000
1.000 0.000 1.000 0.000
0.993 0.007 1.000 0.000
0.979 0.021 1.000 0.000
0.894 0.106 1.000 0.000
0.987 0.013 1.000 0.000
0.986 0.014 1.000 0.000
0.973 0.027 1.000 0.000
0.796 0.204 1.000 0.000
0.774 0.226 1.000 0.000
0.881 0.119 1.000 0.000
0.954 0.046 1.000 0.000
0.994 0.006 1.000 0.000
0.998 0.002 1.000 0.000
0.977 0.023 1.000 0.000
0.963 0.037 1.000 0.000
0.766 0.234 1.000 0.000
0.713 0.287 1.000 0.000
0.991 0.009 1.000 0.000
0.962 0.038 1.000 0.000
0.975 0.025 1.000 0.000
0.594 0.406 1.000 0.000
0.803 0.197 1.000 0.000
0.992 0.008 1.000 0.000
0.894 0.106 1.000 0.000
0.937 0.063 1.000 0.000
0.864 0.136 1.000 0.000
0.915 0.085 1.000 0.000
0.997 0.003 1.000 0.000
0.729 0.271 1.000 0.000
0.683 0.317 1.000 0.000
0.989 0.011 1.000 0.000
0.992 0.008 1.000 0.000
0.985 0.015 1.000 0.000
0.972 0.028 1.000 0.000
0.995 0.005 1.000 0.000
0.729 0.271 1.000 0.000
0.977 0.023 1.000 0.000
0.912 0.088 1.000 0.000
0.703 0.297 1.000 0.000
0.677 0.323 1.000 0.000
0.923 0.077 1.000 0.000
0.920 0.080 1.000 0.000
0.955 0.045 1.000 0.000
0.940 0.060 1.000 0.000
0.989 0.011 1.000 0.000
1.000 0.000 1.000 0.000
0.965 0.035 1.000 0.000
0.918 0.082 1.000 0.000
0.974 0.026 1.000 0.000
0.998 0.002 1.000 0.000
0.684 0.316 1.000 0.000
0.990 0.010 1.000 0.000
0.979 0.021 1.000 0.000
0.992 0.008 1.000 0.000
0.971 0.029 1.000 0.000
0.932 0.068 1.000 0.000
0.997 0.003 1.000 0.000
0.947 0.053 1.000 0.000
0.855 0.145 1.000 0.000
0.985 0.015 1.000 0.000
0.999 0.001 1.000 0.000
0.997 0.003 1.000 0.000
0.981 0.019 1.000 0.000
0.979 0.021 1.000 0.000
0.861 0.139 1.000 0.000
0.986 0.014 1.000 0.000
0.998 0.002 1.000 0.000
0.896 0.104 1.000 0.000
0.981 0.019 1.000 0.000
0.750 0.250 1.000 0.000
0.987 0.013 1.000 0.000
0.954 0.046 1.000 0.000
0.909 0.091 1.000 0.000
0.999 0.001 1.000 0.000
0.825 0.175 1.000 0.000
0.995 0.005 1.000 0.000
1.000 0.000 1.000 0.000
0.931 0.069 1.000 0.000
1.000 0.000 1.000 0.000
0.943 0.057 1.000 0.000
0.842 0.158 1.000 0.000
0.460 0.540 1.000 0.000
0.923 0.077 1.000 0.000
0.614 0.386 1.000 0.000
0.999 0.001 1.000 0.000
0.998 0.002 1.000 0.000
0.705 0.295 1.000 0.000
0.552 0.448 1.000 0.000
0.712 0.288 1.000 0.000
0.984 0.016 1.000 0.000
0.970 0.030 1.000 0.000
0.248 0.752 1.000 0.000
0.989 0.011 1.000 0.000
0.876 0.124 1.000 0.000
0.707 0.293 1.000 0.000
0.989 0.011 1.000 0.000
0.956 0.044 1.000 0.000
0.997 0.003 1.000 0.000
0.858 0.142 1.000 0.000
0.710 0.290 1.000 0.000
0.705 0.295 1.000 0.000
0.998 0.002 1.000 0.000
1.000 0.000 1.000 0.000
0.905 0.095 1.000 0.000
0.921 0.079 1.000 0.000
0.987 0.013 1.000 0.000
1.000 0.000 1.000 0.000
0.761 0.239 1.000 0.000
0.852 0.148 1.000 0.000
0.989 0.011 1.000 0.000
0.934 0.066 1.000 0.000
0.835 0.165 1.000 0.000
0.996 0.004 1.000 0.000
0.934 0.066 1.000 0.000
0.949 0.051 1.000 0.000
0.581 0.419 1.000 0.000
0.998 0.002 1.000 0.000
0.995 0.005 1.000 0.000
0.993 0.007 1.000 0.000
0.986 0.014 1.000 0.000
0.997 0.003 1.000 0.000
0.994 0.006 1.000 0.000
0.996 0.004 1.000 0.000
0.984 0.016 1.000 0.000
0.999 0.001 1.000 0.000
0.940 0.060 1.000 0.000
0.973 0.027 1.000 0.000
0.857 0.143 1.000 0.000
0.866 0.134 1.000 0.000
0.979 0.021 1.000 0.000
0.999 0.001 1.000 0.000
0.999 0.001 1.000 0.000
1.000 0.000 1.000 0.000
0.618 0.382 1.000 0.000
0.996 0.004 1.000 0.000
1.000 0.000 0.000 1.000
0.997 0.003 1.000 0.000
0.999 0.001 1.000 0.000
0.862 0.138 1.000 0.000
0.883 0.117 1.000 0.000
0.998 0.002 1.000 0.000
0.962 0.038 1.000 0.000
0.813 0.187 1.000 0.000
0.998 0.002 1.000 0.000
0.995 0.005 1.000 0.000
0.830 0.170 1.000 0.000
1.000 0.000 1.000 0.000
0.999 0.001 1.000 0.000
0.930 0.070 1.000 0.000
0.929 0.071 1.000 0.000
0.997 0.003 1.000 0.000
0.993 0.007 1.000 0.000
0.924 0.076 1.000 0.000
0.997 0.003 1.000 0.000
0.983 0.017 1.000 0.000
1.000 0.000 1.000 0.000
0.684 0.316 1.000 0.000
0.979 0.021 1.000 0.000
0.998 0.002 1.000 0.000
0.640 0.360 1.000 0.000
0.998 0.002 1.000 0.000
0.819 0.181 1.000 0.000
0.948 0.052 1.000 0.000
0.986 0.014 1.000 0.000
0.984 0.016 1.000 0.000
0.992 0.008 1.000 0.000
0.997 0.003 1.000 0.000
0.987 0.013 1.000 0.000
0.996 0.004 1.000 0.000
0.966 0.034 1.000 0.000
0.999 0.001 1.000 0.000
0.974 0.026 1.000 0.000
1.000 0.000 1.000 0.000
0.993 0.007 1.000 0.000
0.947 0.053 1.000 0.000
0.996 0.004 1.000 0.000
0.998 0.002 1.000 0.000
0.984 0.016 1.000 0.000
1.000 0.000 1.000 0.000
0.992 0.008 1.000 0.000
0.999 0.001 1.000 0.000
1.000 0.000 1.000 0.000
0.505 0.495 1.000 0.000
0.942 0.058 1.000 0.000
0.997 0.003 1.000 0.000
0.908 0.092 1.000 0.000
1.000 0.000 1.000 0.000
0.909 0.091 1.000 0.000
0.873 0.127 1.000 0.000
0.960 0.040 1.000 0.000
0.997 0.003 1.000 0.000
0.909 0.091 1.000 0.000
0.951 0.049 1.000 0.000
0.982 0.018 1.000 0.000
0.933 0.067 1.000 0.000
0.937 0.063 1.000 0.000
0.843 0.157 1.000 0.000
0.993 0.007 1.000 0.000
0.961 0.039 1.000 0.000
0.971 0.029 1.000 0.000
0.968 0.032 1.000 0.000
0.998 0.002 1.000 0.000
0.982 0.018 1.000 0.000
0.942 0.058 1.000 0.000
0.920 0.080 1.000 0.000
0.810 0.190 1.000 0.000
0.776 0.224 1.000 0.000
0.934 0.066 1.000 0.000
0.932 0.068 1.000 0.000
0.564 0.436 1.000 0.000
0.998 0.002 1.000 0.000
0.959 0.041 1.000 0.000
0.995 0.005 1.000 0.000
0.963 0.037 1.000 0.000
0.971 0.029 1.000 0.000
0.973 0.027 1.000 0.000
0.945 0.055 1.000 0.000
0.975 0.025 1.000 0.000
0.901 0.099 1.000 0.000
0.978 0.022 1.000 0.000
0.992 0.008 1.000 0.000
0.999 0.001 1.000 0.000
0.895 0.105 1.000 0.000
0.910 0.090 1.000 0.000
0.988 0.012 1.000 0.000
0.997 0.003 1.000 0.000
0.999 0.001 1.000 0.000
0.867 0.133 1.000 0.000
0.984 0.016 1.000 0.000
0.830 0.170 1.000 0.000
0.994 0.006 1.000 0.000
0.908 0.092 1.000 0.000
0.985 0.015 1.000 0.000
1.000 0.000 1.000 0.000
0.999 0.001 1.000 0.000
0.852 0.148 1.000 0.000
0.972 0.028 1.000 0.000
0.941 0.059 1.000 0.000
0.994 0.006 1.000 0.000
0.912 0.088 1.000 0.000
0.944 0.056 1.000 0.000
0.989 0.011 1.000 0.000
0.742 0.258 1.000 0.000
0.979 0.021 1.000 0.000
0.996 0.004 1.000 0.000
0.999 0.001 1.000 0.000
0.991 0.009 1.000 0.000
0.946 0.054 1.000 0.000
0.950 0.050 1.000 0.000
1.000 0.000 1.000 0.000
0.987 0.013 1.000 0.000
0.977 0.023 1.000 0.000
0.933 0.067 1.000 0.000
0.874 0.126 1.000 0.000
0.956 0.044 1.000 0.000
0.898 0.102 1.000 0.000
0.963 0.037 1.000 0.000
0.922 0.078 1.000 0.000
0.939 0.061 1.000 0.000
0.997 0.003 1.000 0.000
0.994 0.006 1.000 0.000
0.925 0.075 1.000 0.000
0.985 0.015 1.000 0.000
0.989 0.011 1.000 0.000
0.890 0.110 1.000 0.000
0.887 0.113 1.000 0.000
0.990 0.010 1.000 0.000
0.988 0.012 1.000 0.000
0.990 0.010 1.000 0.000
0.990 0.010 1.000 0.000
0.909 0.091 1.000 0.000
0.994 0.006 1.000 0.000
0.999 0.001 1.000 0.000
0.815 0.185 1.000 0.000
0.995 0.005 1.000 0.000
0.975 0.025 1.000 0.000
0.837 0.163 1.000 0.000
0.982 0.018 1.000 0.000
0.998 0.002 1.000 0.000
0.891 0.109 1.000 0.000
1.000 0.000 1.000 0.000
0.971 0.029 1.000 0.000
0.964 0.036 1.000 0.000
0.991 0.009 1.000 0.000
0.760 0.240 1.000 0.000
0.913 0.087 1.000 0.000
0.778 0.222 1.000 0.000
0.993 0.007 1.000 0.000
0.973 0.027 1.000 0.000
0.928 0.072 1.000 0.000
0.996 0.004 1.000 0.000
0.985 0.015 1.000 0.000
0.980 0.020 1.000 0.000
0.971 0.029 1.000 0.000
0.963 0.037 1.000 0.000
0.985 0.015 1.000 0.000
0.953 0.047 1.000 0.000
0.815 0.185 1.000 0.000
0.944 0.056 1.000 0.000
0.998 0.002 1.000 0.000
1.000 0.000 1.000 0.000
0.856 0.144 1.000 0.000
0.991 0.009 1.000 0.000
1.000 0.000 1.000 0.000
0.999 0.001 1.000 0.000
0.910 0.090 1.000 0.000
0.997 0.003 1.000 0.000
0.999 0.001 1.000 0.000
0.888 0.112 1.000 0.000
0.999 0.001 1.000 0.000
0.996 0.004 1.000 0.000
0.997 0.003 1.000 0.000
0.771 0.229 1.000 0.000
0.999 0.001 1.000 0.000
0.972 0.028 1.000 0.000
1.000 0.000 1.000 0.000
0.668 0.332 1.000 0.000
0.916 0.084 1.000 0.000
0.988 0.012 1.000 0.000
0.852 0.148 1.000 0.000
0.997 0.003 1.000 0.000
1.000 0.000 1.000 0.000
0.863 0.137 1.000 0.000
0.958 0.042 1.000 0.000
0.919 0.081 1.000 0.000
0.974 0.026 1.000 0.000
0.989 0.011 1.000 0.000
0.962 0.038 1.000 0.000
1.000 0.000 1.000 0.000
0.984 0.016 1.000 0.000
0.999 0.001 1.000 0.000
0.948 0.052 1.000 0.000
0.994 0.006 1.000 0.000
0.679 0.321 1.000 0.000
0.998 0.002 1.000 0.000
0.997 0.003 1.000 0.000
0.657 0.343 1.000 0.000
0.892 0.108 1.000 0.000
1.000 0.000 1.000 0.000
0.935 0.065 1.000 0.000
0.994 0.006 1.000 0.000
0.962 0.038 1.000 0.000
0.907 0.093 1.000 0.000
0.975 0.025 1.000 0.000
0.923 0.077 1.000 0.000
0.949 0.051 1.000 0.000
0.798 0.202 1.000 0.000
0.925 0.075 1.000 0.000
1.000 0.000 1.000 0.000
0.999 0.001 1.000 0.000
0.891 0.109 1.000 0.000
0.990 0.010 1.000 0.000
0.888 0.112 1.000 0.000
0.919 0.081 1.000 0.000
0.985 0.015 1.000 0.000
0.990 0.010 1.000 0.000
0.999 0.001 1.000 0.000
0.926 0.074 1.000 0.000
0.989 0.011 1.000 0.000
0.946 0.054 1.000 0.000
0.985 0.015 1.000 0.000
0.946 0.054 1.000 0.000
0.981 0.019 1.000 0.000
0.981 0.019 1.000 0.000
0.998 0.002 1.000 0.000
1.000 0.000 1.000 0.000
0.992 0.008 1.000 0.000
0.953 0.047 1.000 0.000
0.996 0.004 1.000 0.000
0.993 0.007 1.000 0.000
0.837 0.163 1.000 0.000
0.950 0.050 1.000 0.000
0.997 0.003 1.000 0.000
0.980 0.020 1.000 0.000
0.967 0.033 1.000 0.000
0.971 0.029 1.000 0.000
0.986 0.014 1.000 0.000
1.000 0.000 1.000 0.000
0.993 0.007 1.000 0.000
0.953 0.047 1.000 0.000
0.993 0.007 1.000 0.000
0.972 0.028 1.000 0.000
0.870 0.130 1.000 0.000
0.957 0.043 1.000 0.000
0.785 0.215 1.000 0.000
0.727 0.273 1.000 0.000
1.000 0.000 1.000 0.000
0.993 0.007 1.000 0.000
0.984 0.016 1.000 0.000
0.999 0.001 1.000 0.000
0.600 0.400 1.000 0.000
0.994 0.006 1.000 0.000
0.992 0.008 1.000 0.000
0.989 0.011 1.000 0.000
0.999 0.001 1.000 0.000
0.987 0.013 1.000 0.000
0.909 0.091 1.000 0.000
0.993 0.007 1.000 0.000
0.953 0.047 1.000 0.000
0.992 0.008 1.000 0.000
0.999 0.001 1.000 0.000
0.984 0.016 1.000 0.000
0.996 0.004 1.000 0.000
0.890 0.110 1.000 0.000
0.976 0.024 1.000 0.000
0.832 0.168 1.000 0.000
0.830 0.170 1.000 0.000
0.830 0.170 1.000 0.000
1.000 0.000 1.000 0.000
1.000 0.000 1.000 0.000
0.966 0.034 1.000 0.000
0.820 0.180 1.000 0.000
1.000 0.000 1.000 0.000
0.840 0.160 1.000 0.000
0.999 0.001 1.000 0.000
0.695 0.305 1.000 0.000
0.986 0.014 1.000 0.000
0.959 0.041 1.000 0.000
0.846 0.154 1.000 0.000
0.966 0.034 1.000 0.000
0.996 0.004 1.000 0.000
1.000 0.000 1.000 0.000
0.971 0.029 1.000 0.000
0.897 0.103 1.000 0.000
0.997 0.003 1.000 0.000
1.000 0.000 1.000 0.000
0.989 0.011 1.000 0.000
0.977 0.023 1.000 0.000
0.996 0.004 1.000 0.000
0.965 0.035 1.000 0.000
0.989 0.011 1.000 0.000
0.999 0.001 1.000 0.000
0.940 0.060 1.000 0.000
0.994 0.006 1.000 0.000
0.991 0.009 1.000 0.000
0.808 0.192 1.000 0.000
0.998 0.002 1.000 0.000
0.999 0.001 1.000 0.000
0.917 0.083 1.000 0.000
1.000 0.000 1.000 0.000
1.000 0.000 1.000 0.000
0.931 0.069 1.000 0.000
0.829 0.171 1.000 0.000
0.789 0.211 1.000 0.000
0.978 0.022 1.000 0.000
0.998 0.002 1.000 0.000
0.768 0.232 1.000 0.000
0.983 0.017 1.000 0.000
0.792 0.208 1.000 0.000
0.903 0.097 1.000 0.000
0.931 0.069 1.000 0.000
0.981 0.019 1.000 0.000
0.813 0.187 1.000 0.000
0.982 0.018 1.000 0.000
0.998 0.002 1.000 0.000
0.262 0.738 1.000 0.000
0.890 0.110 1.000 0.000
0.836 0.164 1.000 0.000
0.850 0.150 1.000 0.000
0.816 0.184 1.000 0.000
0.989 0.011 1.000 0.000
0.911 0.089 1.000 0.000
0.997 0.003 1.000 0.000
1.000 0.000 1.000 0.000
0.997 0.003 1.000 0.000
0.999 0.001 1.000 0.000
0.908 0.092 1.000 0.000
0.725 0.275 1.000 0.000
0.939 0.061 1.000 0.000
0.993 0.007 1.000 0.000
0.650 0.350 1.000 0.000
0.979 0.021 1.000 0.000
0.997 0.003 1.000 0.000
0.919 0.081 1.000 0.000
0.852 0.148 1.000 0.000
0.994 0.006 1.000 0.000
0.854 0.146 1.000 0.000
0.993 0.007 1.000 0.000
0.935 0.065 1.000 0.000
0.932 0.068 1.000 0.000
0.966 0.034 1.000 0.000
0.962 0.038 1.000 0.000
0.995 0.005 1.000 0.000
0.998 0.002 1.000 0.000
0.746 0.254 1.000 0.000
0.870 0.130 1.000 0.000
0.880 0.120 1.000 0.000
0.971 0.029 1.000 0.000
0.992 0.008 1.000 0.000
0.998 0.002 1.000 0.000
0.996 0.004 1.000 0.000
0.973 0.027 1.000 0.000
0.928 0.072 1.000 0.000
0.991 0.009 1.000 0.000
0.997 0.003 1.000 0.000
0.646 0.354 1.000 0.000
0.998 0.002 1.000 0.000
1.000 0.000 1.000 0.000
1.000 0.000 1.000 0.000
0.993 0.007 1.000 0.000
0.958 0.042 1.000 0.000
1.000 0.000 1.000 0.000
0.881 0.119 1.000 0.000
0.914 0.086 1.000 0.000
0.949 0.051 1.000 0.000
0.996 0.004 1.000 0.000
0.996 0.004 1.000 0.000
0.928 0.072 1.000 0.000
0.808 0.192 1.000 0.000
0.984 0.016 1.000 0.000
0.917 0.083 1.000 0.000
0.979 0.021 1.000 0.000
0.763 0.237 1.000 0.000
0.985 0.015 1.000 0.000
0.998 0.002 1.000 0.000
0.997 0.003 1.000 0.000
0.997 0.003 1.000 0.000
0.976 0.024 1.000 0.000
0.923 0.077 1.000 0.000
0.921 0.079 1.000 0.000
1.000 0.000 1.000 0.000
0.998 0.002 1.000 0.000
0.998 0.002 1.000 0.000
0.923 0.077 1.000 0.000
0.995 0.005 1.000 0.000
0.998 0.002 1.000 0.000
0.997 0.003 1.000 0.000
0.992 0.008 1.000 0.000
0.999 0.001 1.000 0.000
0.944 0.056 1.000 0.000
0.992 0.008 1.000 0.000
0.868 0.132 1.000 0.000
0.792 0.208 1.000 0.000
0.989 0.011 1.000 0.000
0.981 0.019 1.000 0.000
0.948 0.052 1.000 0.000
0.997 0.003 1.000 0.000
0.998 0.002 1.000 0.000
0.954 0.046 1.000 0.000
0.999 0.001 1.000 0.000
0.998 0.002 1.000 0.000
0.770 0.230 1.000 0.000
0.821 0.179 1.000 0.000
0.689 0.311 1.000 0.000
0.758 0.242 1.000 0.000
0.875 0.125 1.000 0.000
0.936 0.064 1.000 0.000
0.717 0.283 1.000 0.000
0.991 0.009 1.000 0.000
0.776 0.224 1.000 0.000
0.999 0.001 1.000 0.000
0.993 0.007 1.000 0.000
0.999 0.001 1.000 0.000
0.789 0.211 1.000 0.000
0.950 0.050 1.000 0.000
0.762 0.238 1.000 0.000
0.995 0.005 1.000 0.000
0.973 0.027 1.000 0.000
0.881 0.119 1.000 0.000
0.843 0.157 1.000 0.000
0.901 0.099 1.000 0.000
0.863 0.137 1.000 0.000
0.993 0.007 1.000 0.000
0.868 0.132 1.000 0.000
0.993 0.007 1.000 0.000
0.995 0.005 1.000 0.000
0.924 0.076 1.000 0.000
0.999 0.001 1.000 0.000
0.996 0.004 1.000 0.000
0.999 0.001 1.000 0.000
1.000 0.000 1.000 0.000
0.930 0.070 1.000 0.000
0.828 0.172 1.000 0.000
0.979 0.021 1.000 0.000
0.884 0.116 1.000 0.000
0.995 0.005 1.000 0.000
0.900 0.100 1.000 0.000
0.990 0.010 1.000 0.000
0.928 0.072 1.000 0.000
0.955 0.045 1.000 0.000
0.919 0.081 1.000 0.000
0.919 0.081 1.000 0.000
0.936 0.064 1.000 0.000
0.998 0.002 1.000 0.000
0.974 0.026 1.000 0.000
0.989 0.011 1.000 0.000
0.991 0.009 1.000 0.000
0.994 0.006 1.000 0.000
0.997 0.003 1.000 0.000
0.818 0.182 1.000 0.000
0.980 0.020 1.000 0.000
0.931 0.069 1.000 0.000
1.000 0.000 1.000 0.000
0.989 0.011 1.000 0.000
0.960 0.040 1.000 0.000
0.834 0.166 1.000 0.000
0.995 0.005 1.000 0.000
0.978 0.022 1.000 0.000
0.985 0.015 1.000 0.000
0.849 0.151 1.000 0.000
0.931 0.069 1.000 0.000
0.994 0.006 1.000 0.000
0.976 0.024 1.000 0.000
0.987 0.013 1.000 0.000
0.982 0.018 1.000 0.000
0.991 0.009 1.000 0.000
0.987 0.013 1.000 0.000
0.971 0.029 1.000 0.000
0.991 0.009 1.000 0.000
0.999 0.001 1.000 0.000
0.978 0.022 1.000 0.000
0.995 0.005 1.000 0.000
0.731 0.269 1.000 0.000
0.938 0.062 1.000 0.000
0.997 0.003 1.000 0.000
0.961 0.039 1.000 0.000
0.995 0.005 1.000 0.000
0.985 0.015 1.000 0.000
0.986 0.014 1.000 0.000
0.982 0.018 1.000 0.000
0.900 0.100 1.000 0.000
0.926 0.074 1.000 0.000
0.959 0.041 1.000 0.000
0.955 0.045 1.000 0.000
1.000 0.000 1.000 0.000
0.999 0.001 1.000 0.000
0.994 0.006 1.000 0.000
0.964 0.036 1.000 0.000
0.634 0.366 1.000 0.000
0.998 0.002 1.000 0.000
0.917 0.083 1.000 0.000
0.991 0.009 1.000 0.000
0.936 0.064 1.000 0.000
1.000 0.000 1.000 0.000
0.998 0.002 1.000 0.000
0.982 0.018 1.000 0.000
0.975 0.025 1.000 0.000
0.924 0.076 1.000 0.000
0.989 0.011 1.000 0.000
0.814 0.186 1.000 0.000
0.856 0.144 1.000 0.000
0.999 0.001 1.000 0.000
0.990 0.010 1.000 0.000
0.914 0.086 1.000 0.000
0.997 0.003 1.000 0.000
0.905 0.095 1.000 0.000
0.703 0.297 1.000 0.000
0.954 0.046 1.000 0.000
0.994 0.006 1.000 0.000
0.979 0.021 1.000 0.000
0.934 0.066 1.000 0.000
0.868 0.132 1.000 0.000
0.996 0.004 1.000 0.000
0.929 0.071 1.000 0.000
0.993 0.007 1.000 0.000
0.996 0.004 1.000 0.000
0.986 0.014 1.000 0.000
1.000 0.000 1.000 0.000
0.929 0.071 1.000 0.000
0.985 0.015 1.000 0.000
0.941 0.059 1.000 0.000
0.979 0.021 1.000 0.000
0.991 0.009 1.000 0.000
0.941 0.059 1.000 0.000
0.972 0.028 1.000 0.000
0.909 0.091 1.000 0.000
0.972 0.028 1.000 0.000
0.990 0.010 1.000 0.000
0.990 0.010 1.000 0.000
0.969 0.031 1.000 0.000
0.936 0.064 1.000 0.000
0.997 0.003 1.000 0.000
0.840 0.160 1.000 0.000
0.945 0.055 1.000 0.000
0.846 0.154 1.000 0.000
0.923 0.077 1.000 0.000
0.999 0.001 1.000 0.000
0.917 0.083 1.000 0.000
0.724 0.276 1.000 0.000
0.931 0.069 1.000 0.000
0.989 0.011 1.000 0.000
0.982 0.018 1.000 0.000
0.983 0.017 1.000 0.000
0.992 0.008 1.000 0.000
0.874 0.126 1.000 0.000
0.995 0.005 1.000 0.000
0.779 0.221 1.000 0.000
0.950 0.050 1.000 0.000
1.000 0.000 1.000 0.000
0.987 0.013 1.000 0.000
0.802 0.198 1.000 0.000
0.996 0.004 1.000 0.000
0.999 0.001 1.000 0.000
0.976 0.024 1.000 0.000
0.902 0.098 1.000 0.000
0.843 0.157 1.000 0.000
0.975 0.025 1.000 0.000
0.886 0.114 1.000 0.000
0.999 0.001 1.000 0.000
0.999 0.001 1.000 0.000
0.719 0.281 1.000 0.000
0.945 0.055 1.000 0.000
0.984 0.016 1.000 0.000
0.480 0.520 1.000 0.000
0.959 0.041 1.000 0.000
0.942 0.058 1.000 0.000
0.743 0.257 1.000 0.000
0.939 0.061 1.000 0.000
0.928 0.072 1.000 0.000
0.965 0.035 1.000 0.000
0.974 0.026 1.000 0.000
0.888 0.112 1.000 0.000
0.990 0.010 1.000 0.000
0.747 0.253 1.000 0.000
0.814 0.186 1.000 0.000
0.995 0.005 1.000 0.000
0.973 0.027 1.000 0.000
0.913 0.087 1.000 0.000
1.000 0.000 1.000 0.000
0.999 0.001 1.000 0.000
0.901 0.099 1.000 0.000
0.920 0.080 1.000 0.000
0.611 0.389 1.000 0.000
0.952 0.048 1.000 0.000
0.988 0.012 1.000 0.000
0.940 0.060 1.000 0.000
0.996 0.004 1.000 0.000
0.744 0.256 1.000 0.000
0.998 0.002 1.000 0.000
0.974 0.026 1.000 0.000
0.946 0.054 1.000 0.000
0.869 0.131 1.000 0.000
0.964 0.036 1.000 0.000
0.997 0.003 1.000 0.000
0.934 0.066 1.000 0.000
0.999 0.001 1.000 0.000
0.971 0.029 1.000 0.000
0.986 0.014 1.000 0.000
0.990 0.010 1.000 0.000
1.000 0.000 1.000 0.000
1.000 0.000 1.000 0.000
0.974 0.026 1.000 0.000
0.984 0.016 1.000 0.000
0.905 0.095 1.000 0.000
0.965 0.035 1.000 0.000
1.000 0.000 1.000 0.000
1.000 0.000 1.000 0.000
0.988 0.012 1.000 0.000
0.998 0.002 1.000 0.000
0.996 0.004 1.000 0.000
0.926 0.074 1.000 0.000
0.932 0.068 1.000 0.000
0.988 0.012 1.000 0.000
0.989 0.011 1.000 0.000
0.998 0.002 1.000 0.000
0.967 0.033 1.000 0.000
0.999 0.001 1.000 0.000
0.818 0.182 1.000 0.000
1.000 0.000 1.000 0.000
0.921 0.079 1.000 0.000
0.996 0.004 1.000 0.000
0.963 0.037 1.000 0.000
0.966 0.034 1.000 0.000
1.000 0.000 1.000 0.000
0.934 0.066 1.000 0.000
0.855 0.145 1.000 0.000
0.985 0.015 1.000 0.000
0.791 0.209 1.000 0.000
0.970 0.030 1.000 0.000
0.994 0.006 1.000 0.000
0.991 0.009 1.000 0.000
0.999 0.001 1.000 0.000
1.000 0.000 1.000 0.000
1.000 0.000 1.000 0.000
0.992 0.008 1.000 0.000
0.993 0.007 1.000 0.000
0.978 0.022 1.000 0.000
0.998 0.002 1.000 0.000
0.946 0.054 1.000 0.000
0.945 0.055 1.000 0.000
0.971 0.029 1.000 0.000
0.978 0.022 1.000 0.000
0.993 0.007 1.000 0.000
0.909 0.091 1.000 0.000
0.681 0.319 1.000 0.000
0.995 0.005 1.000 0.000
0.902 0.098 1.000 0.000
0.751 0.249 1.000 0.000
0.991 0.009 1.000 0.000
0.976 0.024 1.000 0.000
0.961 0.039 1.000 0.000
0.998 0.002 1.000 0.000
0.988 0.012 1.000 0.000
0.996 0.004 1.000 0.000
0.932 0.068 1.000 0.000
0.989 0.011 1.000 0.000
1.000 0.000 1.000 0.000
0.957 0.043 1.000 0.000
0.890 0.110 1.000 0.000
0.982 0.018 1.000 0.000
0.468 0.532 1.000 0.000
0.730 0.270 1.000 0.000
0.987 0.013 1.000 0.000
0.738 0.262 1.000 0.000
0.965 0.035 1.000 0.000
1.000 0.000 1.000 0.000
0.940 0.060 1.000 0.000
0.951 0.049 1.000 0.000
0.958 0.042 1.000 0.000
0.973 0.027 1.000 0.000
0.976 0.024 1.000 0.000
0.797 0.203 1.000 0.000
0.999 0.001 1.000 0.000
0.978 0.022 1.000 0.000
0.998 0.002 1.000 0.000
0.975 0.025 1.000 0.000
0.922 0.078 1.000 0.000
0.953 0.047 1.000 0.000
0.996 0.004 1.000 0.000
0.973 0.027 1.000 0.000
1.000 0.000 1.000 0.000
0.997 0.003 1.000 0.000
0.951 0.049 1.000 0.000
0.875 0.125 1.000 0.000
0.998 0.002 1.000 0.000
0.947 0.053 1.000 0.000
0.973 0.027 1.000 0.000
0.993 0.007 1.000 0.000
0.999 0.001 1.000 0.000
0.968 0.032 1.000 0.000
0.991 0.009 1.000 0.000
0.949 0.051 1.000 0.000
0.999 0.001 1.000 0.000
0.750 0.250 1.000 0.000
0.968 0.032 1.000 0.000
0.998 0.002 1.000 0.000
0.992 0.008 1.000 0.000
0.963 0.037 1.000 0.000
1.000 0.000 1.000 0.000
0.870 0.130 1.000 0.000
0.998 0.002 1.000 0.000
0.992 0.008 1.000 0.000
0.965 0.035 1.000 0.000
0.813 0.187 1.000 0.000
1.000 0.000 1.000 0.000
0.981 0.019 1.000 0.000
0.991 0.009 1.000 0.000
1.000 0.000 1.000 0.000
0.880 0.120 1.000 0.000
0.970 0.030 1.000 0.000
0.995 0.005 1.000 0.000
0.986 0.014 1.000 0.000
0.757 0.243 1.000 0.000
0.999 0.001 1.000 0.000
0.981 0.019 1.000 0.000
0.997 0.003 1.000 0.000
0.999 0.001 1.000 0.000
0.999 0.001 1.000 0.000
0.978 0.022 1.000 0.000
0.862 0.138 1.000 0.000
0.986 0.014 1.000 0.000
0.630 0.370 1.000 0.000
0.999 0.001 1.000 0.000
0.999 0.001 1.000 0.000
0.971 0.029 1.000 0.000
0.999 0.001 1.000 0.000
0.892 0.108 1.000 0.000
0.991 0.009 1.000 0.000
0.976 0.024 1.000 0.000
0.995 0.005 1.000 0.000
0.999 0.001 1.000 0.000
0.999 0.001 1.000 0.000
0.843 0.157 1.000 0.000
0.925 0.075 1.000 0.000
0.999 0.001 1.000 0.000
0.997 0.003 1.000 0.000
0.829 0.171 1.000 0.000
0.930 0.070 1.000 0.000
0.996 0.004 1.000 0.000
0.939 0.061 1.000 0.000
0.997 0.003 1.000 0.000
0.933 0.067 1.000 0.000
0.793 0.207 1.000 0.000
0.879 0.121 1.000 0.000
0.855 0.145 1.000 0.000
0.955 0.045 1.000 0.000
0.944 0.056 1.000 0.000
0.927 0.073 1.000 0.000
0.871 0.129 1.000 0.000
0.937 0.063 1.000 0.000
0.920 0.080 1.000 0.000
0.920 0.080 1.000 0.000
0.999 0.001 1.000 0.000
0.986 0.014 1.000 0.000
1.000 0.000 1.000 0.000
0.958 0.042 1.000 0.000
1.000 0.000 1.000 0.000
0.479 0.521 1.000 0.000
0.993 0.007 1.000 0.000
0.855 0.145 1.000 0.000
0.991 0.009 1.000 0.000
0.956 0.044 1.000 0.000
0.922 0.078 1.000 0.000
1.000 0.000 1.000 0.000
0.997 0.003 1.000 0.000
1.000 0.000 1.000 0.000
1.000 0.000 1.000 0.000
0.749 0.251 1.000 0.000
0.781 0.219 1.000 0.000
0.653 0.347 1.000 0.000
0.832 0.168 1.000 0.000
0.984 0.016 1.000 0.000
0.830 0.170 1.000 0.000
0.978 0.022 1.000 0.000
0.637 0.363 1.000 0.000
0.991 0.009 1.000 0.000
0.461 0.539 1.000 0.000
0.934 0.066 1.000 0.000
0.995 0.005 1.000 0.000
0.997 0.003 1.000 0.000
0.999 0.001 1.000 0.000
1.000 0.000 1.000 0.000
0.996 0.004 1.000 0.000
0.780 0.220 1.000 0.000
0.882 0.118 1.000 0.000
0.951 0.049 1.000 0.000
0.991 0.009 1.000 0.000
0.999 0.001 1.000 0.000
0.996 0.004 1.000 0.000
0.996 0.004 1.000 0.000
0.590 0.410 1.000 0.000
0.766 0.234 1.000 0.000
1.000 0.000 1.000 0.000
1.000 0.000 1.000 0.000
0.998 0.002 1.000 0.000
0.929 0.071 1.000 0.000
0.983 0.017 1.000 0.000
0.829 0.171 1.000 0.000
0.978 0.022 1.000 0.000
0.995 0.005 1.000 0.000
0.672 0.328 1.000 0.000
0.863 0.137 1.000 0.000
0.956 0.044 1.000 0.000
0.993 0.007 1.000 0.000
0.998 0.002 1.000 0.000
0.895 0.105 1.000 0.000
0.999 0.001 1.000 0.000
0.999 0.001 1.000 0.000
1.000 0.000 1.000 0.000
1.000 0.000 1.000 0.000
0.948 0.052 1.000 0.000
0.995 0.005 1.000 0.000
0.978 0.022 1.000 0.000
0.860 0.140 1.000 0.000
0.929 0.071 1.000 0.000
0.805 0.195 1.000 0.000
0.999 0.001 1.000 0.000
0.965 0.035 1.000 0.000
0.965 0.035 1.000 0.000
0.943 0.057 1.000 0.000
0.890 0.110 1.000 0.000
0.967 0.033 1.000 0.000
0.882 0.118 1.000 0.000
0.998 0.002 1.000 0.000
0.979 0.021 1.000 0.000
0.976 0.024 1.000 0.000
0.785 0.215 1.000 0.000
0.956 0.044 1.000 0.000
0.971 0.029 1.000 0.000
0.987 0.013 1.000 0.000
0.798 0.202 1.000 0.000
0.894 0.106 1.000 0.000
0.999 0.001 1.000 0.000
0.954 0.046 1.000 0.000
0.996 0.004 1.000 0.000
0.988 0.012 1.000 0.000
0.945 0.055 1.000 0.000
0.952 0.048 1.000 0.000
0.981 0.019 1.000 0.000
0.954 0.046 1.000 0.000
0.992 0.008 1.000 0.000
0.982 0.018 0.000 1.000
0.979 0.021 0.000 1.000
0.644 0.356 0.000 1.000
0.476 0.524 0.000 1.000
0.658 0.342 0.000 1.000
0.768 0.232 0.000 1.000
0.545 0.455 0.000 1.000
0.788 0.212 0.000 1.000
0.926 0.074 0.000 1.000
0.940 0.060 0.000 1.000
0.947 0.053 0.000 1.000
0.965 0.035 0.000 1.000
0.683 0.317 0.000 1.000
0.928 0.072 0.000 1.000
0.954 0.046 0.000 1.000
0.683 0.317 0.000 1.000
0.973 0.027 0.000 1.000
0.628 0.372 0.000 1.000
0.985 0.015 0.000 1.000
0.946 0.054 0.000 1.000
0.982 0.018 0.000 1.000
0.845 0.155 0.000 1.000
